0
0
0
0
0
0
0
0
0
0
0
0
0
0
0
0
0
0
0
0
0
0
0
0
0
0
0
0
0
0
0
0
0
0
0
0
0
0
0
0
0
0
0
0
0
0
0
0
0
0
0
0
0
0
0
0
0
0
0
0
0
0
0
0
0
0
0
0
0
0
0
0
0
0
0
0
0
0
0
0
0
0
0
0
0
0
0
0
0
0
0
0
0
0
0
0
0
0
0
0
0
0
0
0
0
0
0
0
0
0
0
0
0
0
0
0
0
0
0
0
0
0
0
0
0
0
0
0
0
0
0
0
0
0
0
0
0
0
0
0
0
0
0
0
0
0
0
0
0
0
0
0
0
0
0
0
0
0
0
0
0
0
0
0
0
0
0
0
0
0
0
0
0
0
0
0
0
0
0
0
0
0
0
0
0
0
0
0
0
0
0
0
0
0
0
0
0
0
0
0
0
0
0
0
-0.10566
-0.11026
-0.11026
-0.10566
-0.11487
-0.11487
-0.11487
-0.11487
-0.11487
-0.11487
-0.11026
-0.11947
-0.11026
-0.11947
-0.11487
-0.11947
-0.11487
-0.11947
-0.11487
-0.11026
-0.11487
-0.11947
-0.11487
-0.12867
-0.11947
-0.12867
-0.12407
-0.12407
-0.12407
-0.12867
-0.12867
-0.12407
-0.12407
-0.12867
-0.12867
-0.13327
-0.13327
-0.12867
-0.12867
-0.12407
-0.12867
-0.12867
-0.12407
-0.12867
-0.13327
-0.13788
-0.12867
-0.12867
-0.13327
-0.12867
-0.12867
-0.13327
-0.13327
-0.13788
-0.13788
-0.13327
-0.13788
-0.13788
-0.13788
-0.15168
-0.14248
-0.13788
-0.13327
-0.00143
-0.03755
-0.0806
-0.09674
-0.10519
-0.11134
-0.11826
-0.12133
-0.11903
-0.12056
-0.12902
-0.13132
-0.13286
-0.1344
-0.13517
-0.13286
-0.13517
-0.13747
-0.13978
-0.14285
-0.14439
-0.14362
-0.14208
-0.14285
-0.14285
-0.14593
-0.1467
-0.14823
-0.14823
-0.14823
-0.15054
-0.14977
-0.14977
-0.15054
-0.14977
-0.14977
-0.14977
-0.15131
-0.15285
-0.15438
-0.15361
-0.15438
-0.15438
-0.15592
-0.15746
-0.15669
-0.15746
-0.15746
-0.16053
-0.16053
-0.1613
-0.16207
-0.16284
-0.16361
-0.16361
-0.16591
-0.16668
-0.16745
-0.16899
-0.16975
-0.16975
-0.17052
-0.17206
-0.17206
-0.17283
-0.17437
-0.1736
-0.1759
-0.1759
-0.17514
-0.1759
-0.17744
-0.17667
-0.1759
-0.17667
-0.1759
-0.17667
-0.17744
-0.17898
-0.17744
-0.17898
-0.17975
-0.17975
-0.18052
-0.18052
-0.18205
-0.18205
-0.18205
-0.18282
-0.18359
-0.18359
-0.18436
-0.18436
-0.18513
-0.18513
-0.18436
-0.1859
-0.1859
-0.18743
-0.18743
-0.1882
-0.1882
-0.18974
-0.18743
-0.18897
-0.18743
-0.18743
-0.1859
-0.18513
-0.1859
-0.18436
-0.1859
-0.18666
-0.1859
-0.1859
-0.1859
-0.1859
-0.1859
-0.1859
-0.18436
-0.18436
-0.18359
-0.18128
-0.18205
-0.18205
-0.17975
-0.17898
-0.17821
-0.17821
-0.17821
-0.17821
-0.17744
-0.1759
-0.17514
-0.1736
-0.17283
-0.17129
-0.17052
-0.16975
-0.16822
-0.16668
-0.16745
-0.16514
-0.16514
-0.16284
-0.16207
-0.16053
-0.15976
-0.15746
-0.15669
-0.15515
-0.15438
-0.15208
-0.15054
-0.14746
-0.14593
-0.14439
-0.14208
-0.13901
-0.13901
-0.1367
-0.13363
-0.13056
-0.12825
-0.12671
-0.12441
-0.1221
-0.11826
-0.11672
-0.11288
-0.11057
-0.10673
-0.10442
-0.09981
-0.09597
-0.09212
-0.08905
-0.08367
-0.07906
-0.07598
-0.06983
-0.06676
-0.06138
-0.056
-0.05062
-0.04524
-0.0414
-0.03755
-0.03217
-0.0291
-0.02449
-0.01911
-0.01757
-0.01449
-0.01065
-0.00988
-0.00758
-0.00604
-0.00527
-0.00373
-0.00296
-0.00143
1.10E-04
1.10E-04
8.79E-04
8.79E-04
8.79E-04
0.00242
0.00242
0.00395
0.00395
0.00395
0.00395
0.00626
0.00626
0.00549
0.00703
0.00626
0.00703
0.00626
0.00626
0.00857
0.00626
0.00703
0.0078
0.0078
0.0078
0.00857
0.00857
0.00857
0.0101
0.00857
0.00933
0.00933
0.00933
0.00933
0.0101
0.00933
0.01164
0.00933
0.01087
0.01087
0.01241
0.01164
0.01087
0.01241
0.01164
0.01164
0.01164
0.01164
0.01241
0.01318
0.01241
0.01318
0.01395
0.01318
0.01241
0.01395
0.01318
0.01471
0.01318
0.01471
0.01395
0.01471
0.01395
0.01395
0.01395
0.01471
0.01471
0.01471
0.01471
0.01548
0.01548
0.01471
0.01471
0.01625
0.01702
0.01548
0.01548
0.01471
0.01471
0.01548
0.01548
0.01625
0.01625
0.01702
0.01471
0.01702
0.01625
0.01625
0.01625
0.01548
0.01779
0.01625
0.01779
0.01702
0.01779
0.01779
0.01779
0.01702
0.01702
0.01702
0.01856
0.01702
0.01779
0.01779
0.01933
0.01779
0.01933
0.01779
0.01856
0.02009
0.01779
0.01856
0.01856
0.01933
0.01856
0.01779
0.01856
0.01933
0.02009
0.01933
0.02009
0.01933
0.02009
0.01933
0.02009
0.01933
0.02086
0.02009
0.02086
0.02009
0.01933
0.02009
0.02086
0.02086
0.02009
0.02009
0.02009
0.02086
0.02009
0.02086
0.02086
0.02163
0.02086
0.02163
0.02009
0.02086
0.0224
0.02086
0.02086
0.02086
0.0224
0.02086
0.02086
0.02086
0.0224
0.0224
0.0224
0.0224
0.0224
0.0224
0.02163
0.0224
0.0224
0.02317
0.0224
0.0224
0.0224
0.02394
0.0224
0.02394
0.02163
0.0224
0.02317
0.02394
0.02317
0.02394
0.02471
0.02317
0.02317
0.02547
0.02394
0.02317
0.02394
0.02394
0.02394
0.02471
0.02394
0.02394
0.02394
0.02471
0.02471
0.02394
0.02394
0.02471
0.02394
0.02394
0.02394
0.02394
0.02547
0.02471
0.02547
0.02471
0.02547
0.02471
0.02471
0.02471
0.02547
0.02471
0.02547
0.02471
0.02624
0.02547
0.02624
0.02547
0.02471
0.02547
0.02547
0.02624
0.02547
0.02624
0.02701
0.02701
0.02624
0.02701
0.02624
0.02701
0.02701
0.02624
0.02624
0.02778
0.02701
0.02624
0.02701
0.02701
0.02701
0.02701
0.02701
0.02701
0.02624
0.02701
0.02855
0.02701
0.02547
0.02778
0.02701
0.02778
-0.0314
-0.03601
-0.03601
-0.03755
-0.03755
-0.03678
-0.03832
-0.03909
-0.03909
-0.03986
-0.03986
-0.03986
-0.04063
-0.04063
-0.03986