1.39275
1.6713
1.6713
1.39275
1.1142
0.83565
1.39275
1.1142
1.39275
1.6713
0.5571
1.1142
0.83565
0.83565
1.6713
1.6713
2.2284
1.6713
1.39275
1.1142
1.1142
1.94985
1.6713
1.94985
1.39275
1.1142
1.39275
1.39275
1.6713
1.6713
2.2284
2.50696
1.94985
1.94985
1.1142
2.2284
1.94985
1.6713
1.94985
1.94985
1.94985
1.94985
1.94985
2.2284
2.2284
1.6713
2.2284
2.50696
1.94985
1.94985
1.94985
2.2284
2.2284
2.2284
2.2284
1.94985
1.94985
2.2284
1.94985
1.6713
2.78551
1.94985
2.50696
1.6713
2.2284
2.2284
1.94985
2.2284
1.6713
1.6713
1.39275
2.50696
1.94985
2.50696
1.94985
2.50696
1.6713
1.94985
2.2284
2.2284
1.94985
2.2284
2.2284
2.50696
2.2284
2.50696
2.78551
3.06406
2.50696
3.06406
1.94985
2.2284
2.78551
2.2284
3.06406
2.78551
2.2284
2.50696
1.6713
2.2284
2.78551
2.2284
2.2284
2.50696
2.50696
2.2284
2.2284
2.2284
2.50696
2.50696
2.78551
2.50696
2.50696
3.06406
3.06406
3.06406
2.50696
3.06406
3.06406
3.06406
3.06406
2.78551
2.2284
3.06406
2.78551
2.2284
3.06406
1.94985
3.06406
2.78551
-1.56802
2.50696
3.06406
3.06406
2.78551
2.78551
2.50696
3.06406
3.06406
3.34261
3.34261
3.34261
3.06406
3.06406
3.06406
2.2284
3.34261
2.78551
3.34261
3.06406
3.34261
3.34261
3.34261
3.34261
3.89971
3.06406
3.34261
3.06406
3.89971
3.06406
3.62116
2.54987
3.06406
3.34261
3.62116
3.62116
3.62116
3.89971
3.34261
3.34261
3.34261
3.34261
3.89971
3.62116
3.89971
3.89971
3.62116
3.62116
3.89971
3.19466
3.34261
3.34261
3.62116
3.62116
3.62116
3.89971
3.62116
3.34261
4.17826
3.62116
3.34261
4.17826
3.62116
3.57567
3.62116
3.62116
3.89971
3.62116
3.62116
3.62116
4.45681
3.62116
4.17826
3.89971
3.8248
4.17826
4.45681
4.17826
4.45681
4.17826
4.17826
3.89971
4.17826
4.00065
4.17826
4.17826
4.73536
4.17826
4.45681
4.45681
4.1765
4.45681
3.89971
4.45681
4.17826
4.45681
4.17826
4.3377
5.01391
4.45681
4.45681
5.01391
4.73536
4.44028
4.45681
4.73536
5.01391
5.01391
3.89971
4.55752
4.45681
4.73536
4.73536
4.73536
4.71872
4.73536
5.01391
5.01391
5.01391
4.79199
4.73536
4.45681
5.01391
4.86526
5.01391
5.57101
4.73536
4.9825
5.01391
5.57101
4.73536
5.04111
5.29246
4.73536
5.29246
5.09973
5.29246
5.29246
5.01391
5.18766
5.29246
5.57101
5.24628
5.29246
5.29246
5.57101
5.34886
5.57101
5.57101
5.39282
5.57101
5.29246
5.45144
5.57101
5.29246
5.4954
5.29246
5.29246
5.58333
5.57101
5.59798
5.70056
5.72987
5.80314
5.80314
5.87641
5.93503
5.96434
6.0083
6.05227
6.08158
6.12554
6.18416
6.25743
6.25743
6.27208
6.3307
6.37466
6.41863
6.41863
6.44794
6.50655
6.53586
6.56517
6.60913
6.69706
6.69706
6.74102
6.77033
6.78499
6.87291
6.90222
6.91688
6.94619
7.0048
7.07808
7.10738
7.13669
7.18066
7.23927
7.25393
7.29789
7.35651
7.38582
7.42978
7.47374
7.4884
7.57633
7.6496
7.67891
7.72287
7.76683
7.82545
7.85476
7.89872
7.97199
8.03061
8.04527
8.07457
8.13319
8.22112
8.26508
8.29439
8.39697
8.44093
8.4849
8.52886
8.60213
8.69006
8.69006
8.8073
8.86591
8.88057
8.98315
9.02711
9.11504
9.17366
9.24693
9.29089
9.37882
9.45209
9.51071
9.62794
9.68656
9.74518
9.81845
9.90638
9.96499
10.0529
10.1408
10.2288
10.346
10.4193
10.5072
10.5805
10.6684
10.7856
10.8736
10.9908
11.0787
11.1373
11.2839
11.4011
11.5037
11.6209
11.6942
11.8554
11.9726
12.0899
12.2071
12.3244
12.4709
12.5881
12.764
12.8959
13.0278
13.189
13.3502
13.526
13.6579
13.8338
13.995
14.2148
14.4053
14.5811
14.7863
14.9768
15.2259
15.4457
15.6802
15.9293
16.1785
16.4569
16.7353
17.0577
17.3362
17.6292
17.9956
18.3473
18.699
19.0947
19.549
19.9886
20.4282
20.8972
21.4687
21.9669
22.5824
23.2419
23.872
24.6194
25.4107
26.2314
27.0813
28.0632
29.1183
30.1441
31.3458
32.6354
33.9836
35.5223
37.1049
38.8049
40.7832
42.8348
45.0037
47.4949
50.0594
52.6533
55.3497
58.0021
60.4934
62.7941
64.8751
66.6629
68.2016
69.5352
70.6929
71.6014
72.3635
73.0082
73.5944
74.0341
74.459
74.7814
75.1038
75.3676
75.6021
75.8219
76.0124
76.2029
76.3641
76.5253
76.6865
76.7744
76.877
76.9796
77.1115
77.1994
77.2873
77.3753
77.4632
77.5072
77.6244
77.6977
77.727
77.7856
77.8589
77.9028
77.9468
77.9907
78.0494
78.108
78.1373
78.1959
78.2692
78.2692
78.3131
78.3571
78.3864
78.4011
78.445
78.4743
78.5183
78.5476
78.5623
78.6062
78.6209
78.6795
78.6795
78.7088
78.7088
78.7674
78.8114
78.8407
78.8114
78.8554
78.8993
78.914
78.9286
78.9433
78.9726
78.9872
78.9726
79.0312
79.0312
79.0752
79.0898
79.0898
79.1045
79.1338
79.1484
79.1631
79.1631
79.1924
79.2657
79.2364
79.2364
79.2803
79.2803
79.3096
79.3243
79.3096
79.3243
79.3536
79.3536
79.3829
79.3829
79.3829
79.4122
79.4122
79.4415
79.4708
79.4415
79.4708
79.5002
79.4855
79.5002
79.5295
79.5295
79.5734
79.5734
79.5734
79.6174
79.6027
79.632
79.6027
79.6174
79.632
79.676
79.676
79.676
79.676
79.7053
79.7493
79.72
79.7346
79.7346
79.72
79.7786
79.7786
79.7786
79.8079
79.7786
79.8372
79.8079
79.8225
79.8225
79.8519
79.8225
79.8812
79.8812
79.9105
79.8812
79.9105
79.9398
79.8958
79.9398
79.9398
79.9398
79.9544
79.9691
79.9837
79.9691
79.9984
79.9544
79.9837
80.0131
80.0131
80.0277
80.0277
80.057
80.057
80.0424
80.0863
80.057
80.0717
80.101
80.0863
80.0863
80.1156
80.101
80.1303
80.1156
80.1156
80.1303
80.1596
80.1889
80.1156
80.1449
80.1889
80.2036
80.1596
80.2036
80.2036
80.1889
80.2182
80.2182
80.2475
80.2182
80.2182
80.2475
80.2475
80.2329
80.2768
80.2768
80.2622
80.2915
80.2768
80.2915
80.2915
80.3061
80.3061
80.3061
80.3501
80.3355
80.3648
80.3208
80.3355
80.3208
80.3648
80.3648
80.3794
80.3794
80.3941
80.3794
80.3941
80.3941
80.3941
80.3941
80.438
80.4087
80.438
80.4087
80.4234
80.4234
80.4234
80.438
80.4087
80.4967
80.4527
80.482
80.482
80.5113
80.482
80.4673
80.482
80.4967
80.526
80.482
80.482
80.4967
80.526
80.5113
80.5113
80.526
80.5113
80.5406
80.5406
80.5699
80.5406
80.5699
80.5553
80.5553
80.5846
79.9251
79.7493
79.7493
79.72
79.676
79.676
79.6613
79.6613
79.6467
79.6467
79.6613
79.632
79.6467
79.6174
79.5881