-0.1452
-0.15168
-0.15168
-0.15168
-0.15168
-0.15628
-0.15628
-0.16088
-0.17009
-0.15442
-0.16548
-0.16088
-0.16088
-0.16548
-0.16548
-0.17009
-0.16441
-0.17009
-0.16548
-0.16548
-0.16088
-0.16548
-0.16548
-0.16826
-0.16088
-0.16088
-0.16548
-0.16548
-0.17469
-0.16826
-0.17009
-0.16548
-0.17929
-0.17929
-0.17929
-0.17364
-0.17929
-0.18389
-0.18389
-0.17929
-0.18363
-0.17929
-0.18389
-0.1885
-0.18389
-0.1867
-0.1885
-0.18389
-0.1931
-0.18901
-0.1885
-0.1931
-0.18389
-0.19131
-0.1885
-0.18389
-0.18389
-0.18824
-0.18389
-0.18389
-0.1885
-0.1867
-0.18389
-0.18389
-0.1885
-0.18824
-0.18389
-0.1885
-0.18978
-0.1885
-0.18389
-0.1885
-0.19055
-0.1931
-0.1885
-0.19208
-0.1931
-0.18389
-0.19131
-0.1885
-0.18389
-0.18747
-0.17469
-0.17929
-0.18363
-0.17929
-0.18132
-0.18055
-0.18055
-0.18209
-0.17825
-0.17517
-0.17287
-0.17133
-0.16826
-0.16595
-0.16364
-0.16057
-0.1575
-0.15596
-0.15365
-0.15135
-0.15058
-0.14981
-0.14597
-0.14366
-0.14059
-0.13828
-0.13597
-0.13367
-0.1329
-0.12982
-0.12752
-0.12598
-0.12368
-0.12137
-0.11753
-0.11445
-0.11368
-0.10907
-0.10677
-0.10369
-0.10062
-0.09447
-0.09216
-0.08755
-0.08601
-0.08063
-0.07372
-0.07141
-0.06757
-0.06219
-0.05527
-0.04989
-0.04374
-0.03759
-0.03375
-0.02837
-0.02299
-0.01761
-0.01453
-0.01146
-0.00685
-0.00377
-6.96E-04
8.41E-04
0.00392
0.00468
0.00622
0.00776
0.0093
0.01006
0.01006
0.01083
0.01237
0.01391
0.01391
0.01468
0.01468
0.01468
0.01544
0.01544
0.01468
0.01391
0.01621
0.01544
0.01621
0.01698
0.01698
0.01929
0.02006
0.02159
0.02313
0.02236
0.02236
0.02159
0.02159
0.02159
0.02159
0.02159
0.02006
0.02083
0.02159
0.02236
0.02159
0.02236
0.02236
0.02236
0.02313
0.0239
0.02467
0.02467
0.02313
0.02236
0.02313
0.0239
0.02544
0.02544
0.02544
0.02621
0.02621
0.02544
0.02621
0.02544
0.02544
0.02544
0.02467
0.02697
0.02774
0.02621
0.02621
0.02697
0.02851
0.02774
0.02774
0.02697
0.02697
0.02621
0.02697
0.02774
0.02774
0.02851
0.02851
0.02774
0.02851
0.02928
0.02851
0.02774
0.02851
0.02928
0.02928
0.02928
0.02928
0.02851
0.03005
0.02928
0.03082
0.02928
0.03005
0.03005
0.02928
0.02928
0.03082
0.03005
0.03082
0.03159
0.03159
0.03082
0.03082
0.03159
0.03082
0.03159
0.03159
0.03005
0.03082
0.03082
0.03082
0.03235
0.03159
0.03235
0.03082
0.03159
0.03235
0.03159
0.03235
0.03235
0.03389
0.03235
0.03235
0.03312
0.03312
0.03389
0.03235
0.03312
0.03235
0.03312
0.03235
0.03389
0.03389
0.03389
0.03466
0.03389
0.03312
0.03389
0.03389
0.03389
0.03312
0.03543
0.03466
0.03466
0.03389
0.03466
0.03389
0.03389
0.03466
0.03389
0.03389
0.03466
0.03543
0.0362
0.03543
0.03466
0.03543
0.03697
0.03466
0.03466
0.03466
0.03543
0.0362
0.0362
0.0362
0.0362
0.0362
0.0362
0.03697
0.0362
0.0362
0.0362
0.03543
0.0362
0.0362
0.03697
0.03697
0.03697
0.03697
0.03773
0.03697
0.03773
0.03697
0.0362
0.03697
0.03697
0.03773
0.0362
0.0362
0.0362
0.03773
0.0385
0.0385
0.0362
0.03773
0.03697
0.03927
0.0385
0.03927
0.03697
0.0385
0.03927
0.0385
0.03697
0.03773
0.0385
0.03927
0.04004
0.03927
0.03927
0.0385
0.03927
0.03773
0.03927
0.03927
0.0385
0.04004
0.04004
0.0385
0.03927
0.04081
0.04004
0.04081
0.04004
0.03927
0.03927
0.04081
0.03927
0.03927
0.04004
0.04081
0.04004
0.04081
0.03927
0.03927
0.04004
0.04004
0.04004
0.04081
0.04081
0.04081
0.04081
0.04081
0.04158
0.04158
0.04081
0.04004
0.04081
0.04004
0.04081
0.04158
0.04158
0.04081
0.04004
0.04158
0.04081
0.04158
0.04235
0.04235
0.04081
0.04235
0.04158
0.04158
0.04158
0.04158
0.04235
0.04312
0.04235
0.04235
0.04235
0.04235
0.04312
0.04158
0.04312
0.04158
0.04158
0.04312
0.04235
0.04235
0.04312
0.04312
0.04312
0.04235
0.04312
0.04235
0.04312
0.04312
0.04312
0.04235
0.04465
0.04388
0.04388
0.04388
0.04235
0.04312
0.04312
0.04388
0.04235
0.04235
0.04465
0.04465
0.04465
0.04465
0.04388
0.04388
0.04388
0.04465
0.04465
0.04465
0.04465
0.04235
0.04465
0.04542
0.04388
0.04465
0.04542
0.04465
0.04388
0.04465
0.04465
0.04542
0.04388
0.04465
0.04542
0.04465
0.04465
0.04388
0.04465
0.04542
0.04542
0.04542
0.04619
0.04619
0.04542
0.04465
0.04619
0.04619
0.04542
0.04696
0.04696
0.04619
0.04619
0.04542
0.04542
0.04696
0.04542
0.04542
0.04773
0.04542
0.04696
0.04619
0.04696
0.04696
0.04696
0.04696
0.04696
0.04773
0.04619
0.04696
0.04773
0.04619
0.0485
0.04926
0.04619
0.04773
-0.02222
-0.02606
-0.0276
-0.0276
-0.02837
-0.0276
-0.02837
-0.0299
-0.02914
-0.0299
-0.0299
-0.02914
-0.03067
-0.0299
-0.03067