1.94985
2.2284
2.2284
1.94985
2.2284
1.6713
2.2284
2.2284
2.2284
1.94985
1.94985
1.6713
1.6713
1.94985
1.94985
2.2284
2.78551
3.06406
2.78551
2.50696
2.2284
2.2284
2.50696
2.78551
3.06406
3.06406
2.50696
1.94985
2.2284
2.2284
2.78551
2.78551
2.78551
2.50696
2.2284
2.78551
2.78551
3.06406
2.78551
2.78551
2.78551
2.50696
3.06406
3.06406
3.06406
2.78551
3.06406
3.06406
2.78551
2.78551
2.50696
3.06406
3.06406
3.34261
2.78551
3.62116
3.06406
3.34261
3.06406
3.06406
3.06406
3.06406
3.34261
3.34261
3.06406
3.34261
3.34261
3.06406
3.06406
3.34261
3.34261
4.17826
3.34261
3.62116
3.34261
3.62116
3.34261
3.06406
3.89971
3.06406
3.62116
3.62116
3.89971
3.34261
3.62116
3.62116
3.62116
3.89971
3.89971
3.89971
3.62116
3.62116
3.62116
3.34261
4.17826
3.89971
3.62116
3.62116
4.17826
4.17826
4.73536
3.89971
4.45681
4.17826
4.17826
4.17826
4.17826
3.89971
3.89971
4.17826
4.17826
4.17826
4.17826
4.17826
4.17826
4.17826
4.17826
3.89971
4.45681
4.17826
4.45681
4.45681
4.45681
4.73536
4.45681
4.17826
4.73536
4.45681
4.45681
4.45681
-1.8318
5.57101
4.45681
4.45681
4.45681
4.73536
4.73536
4.73536
4.73536
5.01391
4.73536
4.73536
4.73536
4.73536
5.01391
4.73536
5.01391
4.73536
4.45681
5.01391
5.29246
5.29246
5.29246
5.29246
5.57101
5.57101
5.29246
5.57101
5.29246
5.57101
5.29246
4.3377
5.29246
5.57101
5.29246
5.29246
5.29246
5.57101
5.84956
5.57101
5.57101
6.96377
5.57101
6.12811
6.12811
6.40666
5.84956
6.12811
6.12811
5.31955
5.84956
6.40666
6.12811
6.12811
6.40666
6.40666
6.40666
6.40666
6.40666
6.40666
6.40666
6.40666
6.40666
5.96434
6.40666
6.68521
6.40666
6.68521
7.24232
6.68521
6.68521
6.96377
6.96377
6.96377
6.50655
6.68521
6.96377
6.96377
6.96377
6.96377
7.52087
7.24232
7.24232
6.88757
7.52087
7.24232
7.52087
7.79942
7.52087
7.79942
7.31255
7.52087
7.52087
7.52087
7.79942
8.07797
7.79942
7.66425
7.79942
8.07797
7.79942
8.07797
8.35652
7.97199
8.07797
8.07797
6.96377
8.07797
8.35652
8.29439
8.35652
8.63507
8.91362
9.19217
8.58748
8.91362
8.91362
9.19217
9.47072
8.86591
8.91362
9.74927
9.19217
9.12969
9.47072
9.47072
9.19217
9.40813
9.19217
9.74927
10.0278
9.62794
10.3064
10.3064
10.0278
9.87707
10.3064
10.3064
10.3064
10.1702
10.5849
10.8635
10.39
10.8635
10.8635
10.8635
10.6977
11.142
10.8635
10.9029
11.142
11.142
11.1813
11.4206
11.6991
11.4158
11.6991
11.6991
11.6502
11.6991
11.8994
12.1338
12.339
12.6174
12.8519
13.101
13.3062
13.5846
13.8338
14.0975
14.3467
14.6104
14.8449
15.0647
15.3871
15.6362
15.944
16.2224
16.5009
16.7939
17.0724
17.4094
17.6879
18.0249
18.3473
19.08
19.3731
19.7248
20.1351
20.5015
21.3222
21.7471
22.1575
23.0514
23.5057
24.4875
25.0151
26.1288
26.6857
27.858
28.4735
29.7631
31.1113
31.844
33.3241
34.9214
36.5481
38.292
40.1384
42.0874
44.1244
46.22
48.4035
50.6017
52.7559
54.954
58.0168
59.9219
62.4864
63.9811
65.9741
67.0732
68.5533
69.7257
70.6782
71.2497
71.9531
72.5833
73.0669
73.653
73.9754
74.3125
74.6056
74.928
75.1478
75.3823
75.6021
75.7779
76.0124
76.1296
76.2762
76.3934
76.5839
76.7012
76.7744
76.921
77.0236
77.1261
77.2141
77.2873
77.3313
77.4339
77.5218
77.5951
77.639
77.7563
77.8149
77.8882
77.9321
77.9614
77.9907
78.064
78.108
78.1813
78.2399
78.2838
78.3131
78.3425
78.3864
78.445
78.489
78.5183
78.5769
78.5916
78.6209
78.6502
78.6942
78.7381
78.7674
78.7967
78.826
78.87
78.8847
78.8847
78.9433
78.9579
78.9872
78.9726
79.0166
79.0605
79.0752
79.0898
79.0898
79.1191
79.1631
79.1631
79.2071
79.2217
79.2364
79.251
79.2657
79.2803
79.339
79.3536
79.339
79.3829
79.3976
79.4122
79.4415
79.4415
79.4269
79.4562
79.5002
79.5295
79.5588
79.5441
79.5734
79.5588
79.6027
79.6174
79.6174
79.632
79.6614
79.6467
79.6907
79.676
79.676
79.72
79.7053
79.7346
79.7786
79.7786
79.7786
79.7786
79.8079
79.8372
79.8372
79.8079
79.8812
79.8519
79.8812
79.8958
79.9251
79.9398
79.9398
79.9544
79.9251
79.9837
79.9691
79.9691
79.9544
79.9984
79.9398
80.0277
80.0717
80.0277
80.0424
80.0424
80.0424
80.101
80.0717
80.0863
80.1156
80.1303
80.1449
80.1449
80.1449
80.1596
80.1743
80.1156
80.2036
80.2036
80.1743
80.2329
80.2036
80.2475
80.2329
80.2475
80.2329
80.2768
80.2475
80.2915
80.2915
80.3208
80.3208
80.3061
80.3208
80.3208
80.3208
80.3501
80.3501
80.3648
80.3648
80.3501
80.3941
80.3941
80.3941
80.3941
80.438
80.438
80.4234
80.438
80.4234
80.4234
80.4673
80.4673
80.4673
80.5113
80.4673
80.5113
80.482
80.526
80.5113
80.482
80.5406
80.526
80.5406
80.5406
80.5406
80.5699
80.5553
80.5553
80.5699
80.5992
80.5553
80.5846
80.5846
80.6139
80.6285
80.5992
80.6139
80.6285
80.6432
80.6285
80.6872
80.6432
80.6579
80.6579
80.6725
80.6872
80.6872
80.7165
80.6872
80.7018
80.6725
80.7165
80.7311
80.7458
80.7311
80.7458
80.7751
80.7311
80.7604
80.7604
80.7897
80.7897
80.7751
80.7897
80.7751
80.7751
80.7604
80.7751
80.7751
80.7751
80.819
80.8044
80.8337
80.8484
80.863
80.8337
80.8484
80.863
80.8484
80.863
80.8484
80.8484
80.863
80.8923
80.8923
80.863
80.8777
80.8777
80.9216
80.9216
80.907
80.9216
80.9216
80.9363
80.9216
80.9509
80.9509
80.9363
80.9509
80.9363
80.9656
80.9656
80.9509
80.9509
80.9656
80.9949
80.9802
80.9802
80.9656
80.9656
80.9363
81.0242
81.0242
81.0242
80.9949
81.0242
81.0389
81.0389
81.0682
81.0389
81.0535
81.0535
81.0682
81.0242
81.0682
81.0682
81.0535
81.0389
81.0828
81.0682
81.0682
81.0242
81.0828
81.0975
81.0975
81.0828
81.0975
81.0682
81.1268
81.1268
81.1121
81.1561
81.1268
81.1121
81.1121
81.1561
81.1414
81.1708
81.1561
81.1414
81.1561
81.1561
81.1414
81.1268
81.1561
81.1708
81.1708
81.1708
81.1414
81.2001
81.1854
81.2001
81.2147
81.2294
81.1854
81.1854
81.2294
81.2001
81.1708
81.2001
81.2294
81.2147
81.2147
81.2587
81.244
81.244
81.244
81.288
81.244
81.2587
81.2733
81.244
81.244
81.2587
81.2733
81.2294
81.2587
81.3026
81.2733
81.288
81.288
80.5846
80.482
80.438
80.3941
80.3794
80.3794
80.3355
80.3355
80.3061
80.3355
80.3208
80.3355
80.2915
80.2622
80.2915