-0.17944
-0.18207
-0.18207
-0.18667
-0.18667
-0.19128
-0.18667
-0.19128
-0.19588
-0.19096
-0.19128
-0.20048
-0.19588
-0.20048
-0.19128
-0.19588
-0.19711
-0.19588
-0.20048
-0.19588
-0.20048
-0.19128
-0.19588
-0.19096
-0.18667
-0.18667
-0.18667
-0.18207
-0.18207
-0.18174
-0.17747
-0.18207
-0.17747
-0.18667
-0.18667
-0.18174
-0.18667
-0.18207
-0.18207
-0.18207
-0.1802
-0.18207
-0.17747
-0.17747
-0.17747
-0.17482
-0.17287
-0.08083
-0.16827
-0.16867
-0.16366
-0.16366
-0.16366
-0.15791
-0.15906
-0.14986
-0.14986
-0.14638
-0.14526
-0.14526
-0.13145
-0.13562
-0.13145
-0.11304
-0.13145
-0.12947
-0.12685
-0.12224
-0.12179
-0.12224
-0.15446
-0.11764
-0.1141
-0.11304
-0.11304
-0.10795
-0.10384
-0.10384
-0.09796
-0.09463
-0.09463
-0.08643
-0.08543
-0.08083
-0.07413
-0.06702
-0.06414
-0.05415
-0.04723
-0.04108
-0.03109
-0.02264
-0.01495
-0.0088
-0.00265
0.00273
0.00503
0.00811
0.01195
0.01349
0.01503
0.01426
0.01426
0.01656
0.01733
0.01733
0.01887
0.01887
0.01964
0.0181
0.01656
0.01656
0.01656
0.0181
0.01656
0.01733
0.01656
0.01579
0.01503
0.01426
0.01579
0.01579
0.01579
0.01733
0.01733
0.0181
0.01656
0.01887
0.01964
0.02118
0.02041
0.02194
0.02348
0.02579
0.02656
0.02963
0.02963
0.0304
0.0327
0.03117
0.03117
0.03347
0.03117
0.03194
0.03194
0.0304
0.02963
0.02963
0.0304
0.0304
0.02886
0.02963
0.02963
0.02886
0.02886
0.02963
0.0304
0.03117
0.0304
0.02963
0.02963
0.02886
0.02886
0.02963
0.02963
0.02963
0.03117
0.0327
0.03424
0.03578
0.03578
0.03578
0.03501
0.03501
0.03347
0.0327
0.0327
0.03117
0.03194
0.0327
0.0327
0.03347
0.03347
0.03347
0.03424
0.03424
0.03501
0.03424
0.03501
0.03424
0.03424
0.03347
0.03194
0.03347
0.03347
0.03578
0.03578
0.03655
0.03578
0.03501
0.03501
0.03501
0.03424
0.03501
0.03578
0.03655
0.03578
0.03732
0.03808
0.03655
0.03578
0.03578
0.03655
0.03732
0.03808
0.03732
0.03808
0.03655
0.03655
0.03732
0.03808
0.03808
0.03732
0.03732
0.03885
0.03885
0.03808
0.03808
0.03732
0.03732
0.03808
0.03732
0.03808
0.03962
0.03885
0.03885
0.04039
0.03808
0.03808
0.03962
0.03962
0.03962
0.03885
0.03885
0.03885
0.03962
0.03962
0.03962
0.04039
0.04116
0.03962
0.04116
0.03962
0.03885
0.04039
0.03962
0.04039
0.04116
0.04039
0.04116
0.04193
0.03885
0.04039
0.04039
0.04039
0.04116
0.04193
0.04116
0.04039
0.04116
0.04193
0.04116
0.04193
0.04193
0.04193
0.0427
0.04193
0.04193
0.0427
0.04116
0.04193
0.04347
0.04116
0.04193
0.04116
0.04116
0.0427
0.0427
0.04347
0.04193
0.0427
0.04193
0.0427
0.0427
0.0427
0.04347
0.04193
0.04347
0.0427
0.04347
0.04347
0.0427
0.0427
0.0427
0.0427
0.04423
0.04423
0.0427
0.04423
0.04423
0.045
0.04193
0.045
0.045
0.04423
0.04423
0.045
0.04423
0.045
0.04423
0.045
0.04423
0.04577
0.045
0.04423
0.04423
0.045
0.045
0.045
0.045
0.04577
0.045
0.045
0.04423
0.045
0.045
0.04577
0.04577
0.04577
0.04577
0.045
0.04577
0.04577
0.04654
0.04577
0.04577
0.04654
0.04654
0.04731
0.04577
0.04577
0.04654
0.04885
0.04654
0.04731
0.04731
0.04654
0.04654
0.04577
0.04808
0.04731
0.04654
0.04654
0.04654
0.04731
0.04654
0.04885
0.04808
0.04808
0.04808
0.04808
0.04808
0.04731
0.04808
0.04731
0.04885
0.04731
0.04885
0.04731
0.04808
0.04885
0.04961
0.04808
0.04808
0.04731
0.04885
0.04885
0.04885
0.04885
0.04885
0.04885
0.04885
0.04885
0.04885
0.04961
0.04808
0.04885
0.05038
0.04885
0.04808
0.05038
0.04961
0.04961
0.04885
0.04885
0.04885
0.04961
0.04961
0.04885
0.05038
0.04961
0.05038
0.05038
0.05115
0.04961
0.05115
0.04885
0.05038
0.05115
0.05115
0.05038
0.05115
0.05115
0.05192
0.05115
0.05038
0.05115
0.04961
0.05115
0.04961
0.05115
0.05115
0.04961
0.05192
0.05115
0.05192
0.05115
0.05038
0.05115
0.05038
0.05192
0.05038
0.05192
0.05115
0.05192
0.05192
0.05269
0.05192
0.05115
0.05269
0.05115
0.05269
0.05269
0.05192
0.05269
0.05192
0.05115
0.05115
0.05269
0.05115
0.05192
0.05115
0.05269
0.05192
0.05269
0.05269
0.05346
0.05192
0.05269
0.05269
0.05192
0.05269
0.05269
0.05269
0.05423
0.05192
0.05269
0.05269
0.05269
0.05346
0.05346
0.05346
0.05269
0.05346
0.05346
0.05423
0.05269
0.05346
0.05346
0.05423
0.05346
0.05346
0.05346
0.05499
0.05346
0.05423
0.05423
0.05423
0.05499
0.05499
0.05499
0.05499
0.05346
0.05499
0.05423
0.05423
0.05499
0.05499
0.05499
0.05499
0.05499
-0.01879
-0.0234
-0.02494
-0.02417
-0.02648
-0.02571
-0.02648
-0.02725
-0.02802
-0.02725
-0.02648
-0.02648
-0.02802
-0.02725
-0.02648