2.78551
2.78551
2.50696
1.94985
2.2284
1.94985
2.50696
2.50696
2.50696
3.06406
1.6713
1.94985
2.2284
2.2284
2.2284
2.78551
3.62116
3.34261
2.78551
2.78551
2.50696
3.06406
3.06406
3.62116
3.34261
3.34261
2.50696
2.50696
2.2284
3.34261
3.34261
3.62116
3.34261
3.62116
3.34261
3.62116
3.89971
2.78551
3.89971
2.78551
3.34261
3.89971
3.06406
3.34261
3.89971
3.62116
3.89971
3.62116
3.62116
3.62116
3.62116
3.89971
3.89971
3.62116
3.89971
3.62116
3.89971
4.17826
3.89971
3.89971
4.17826
3.89971
3.89971
3.89971
3.62116
4.45681
3.89971
4.45681
3.89971
3.89971
4.73536
4.17826
4.17826
4.45681
4.17826
4.45681
4.45681
4.17826
4.45681
4.45681
4.17826
4.17826
4.45681
4.45681
4.45681
4.17826
4.45681
4.73536
4.73536
5.01391
4.45681
4.73536
5.01391
4.73536
4.73536
4.73536
4.73536
4.73536
4.17826
5.01391
5.57101
4.73536
4.17826
5.01391
4.73536
5.29246
4.73536
4.73536
5.29246
5.01391
5.29246
5.01391
5.29246
5.29246
5.01391
5.57101
5.57101
5.29246
5.29246
5.57101
5.84956
6.12811
4.45681
5.29246
5.84956
5.57101
6.12811
5.29246
6.12811
5.84956
4.19116
6.68521
5.57101
5.84956
6.96377
5.84956
6.12811
6.12811
6.12811
6.40666
6.40666
6.12811
6.40666
6.40666
6.68521
6.40666
6.96377
6.40666
6.96377
6.68521
6.96377
6.96377
6.68521
6.68521
7.24232
6.68521
6.96377
6.68521
7.24232
7.24232
7.24232
6.34536
6.96377
7.79942
7.52087
7.52087
7.24232
7.52087
7.52087
7.24232
7.24232
7.79942
7.79942
7.79942
8.07797
8.07797
8.91362
8.07797
8.63507
7.54702
8.35652
8.35652
7.79942
8.63507
8.35652
8.63507
8.91362
8.07797
8.91362
8.91362
8.35652
8.91362
8.91362
8.52886
9.19217
8.91362
9.74927
9.19217
9.74927
8.91362
10.0278
8.35652
9.74927
10.0278
9.40813
10.3064
10.3064
10.0278
10.0278
10.5849
10.3064
10.8635
10.5849
10.2581
11.142
10.5849
11.4206
10.5849
10.5849
11.6991
11.0787
11.9777
11.9777
11.9777
11.9777
12.2562
12.2562
11.8847
11.9777
12.5348
12.2562
14.7632
13.3704
12.7054
13.0919
13.649
13.3704
13.9275
14.4846
13.5407
14.4846
14.4846
14.4846
14.7632
14.4053
14.7632
15.3203
15.3203
16.1559
15.2992
15.8774
16.4345
16.4345
16.2078
16.713
17.5487
17.5487
17.2043
17.8272
18.6629
18.3843
18.3033
19.4985
19.4985
20.0556
19.4317
20.6127
21.1698
21.4484
20.692
21.7269
23.3983
22.0402
23.3983
23.3983
24.5125
23.5936
25.0696
26.1838
25.2935
27.298
27.8551
27.1546
28.9693
30.0835
29.1623
31.1977
32.5904
31.4337
32.8312
33.9103
36.5774
39.479
42.5857
45.8976
49.3414
52.8145
56.141
59.2038
61.9442
64.3475
66.3258
67.9085
69.2421
70.3118
71.2058
71.9385
72.5686
73.0815
73.5065
73.8875
74.2539
74.5177
74.8107
75.0306
75.4409
75.6314
75.7926
75.8952
76.0271
76.2762
76.4227
76.496
76.7012
76.7744
76.9649
77.0089
77.1408
77.1848
77.302
77.346
77.4632
77.5658
77.5804
77.6684
77.7123
77.8442
77.8735
77.9468
77.9761
78.064
78.0933
78.1666
78.1959
78.2399
78.2985
78.3425
78.3718
78.4157
78.4597
78.489
78.5623
78.5769
78.6502
78.6649
78.6795
78.7528
78.7528
78.8114
78.826
78.87
78.87
78.914
78.9433
78.9726
78.9726
78.9872
79.0312
79.0605
79.0898
79.1045
79.1631
79.1778
79.1778
79.1924
79.2364
79.2657
79.2803
79.2657
79.3243
79.3536
79.3683
79.3683
79.3829
79.4122
79.4269
79.4415
79.4708
79.4855
79.4855
79.5148
79.5148
79.5734
79.5881
79.5881
79.632
79.6027
79.632
79.6614
79.6907
79.6614
79.6907
79.6907
79.7639
79.7493
79.7493
79.7493
79.7786
79.7932
79.7932
79.8372
79.8372
79.8519
79.8665
79.8958
79.8665
79.8812
79.9398
79.8958
79.9544
79.9544
79.9544
79.9691
79.9837
80.0131
80.0131
80.0424
80.057
80.0424
80.0277
80.0717
80.057
80.0717
80.057
80.1156
80.1303
80.101
80.1449
80.1596
80.1449
80.1889
80.1743
80.1596
80.1596
80.2182
80.2182
80.2036
80.2329
80.2475
80.2329
80.2622
80.2622
80.2622
80.2915
80.2915
80.2915
80.3208
80.3208
80.3208
80.3208
80.3355
80.3501
80.3355
80.3648
80.3941
80.3648
80.3648
80.438
80.4087
80.3941
80.438
80.4234
80.438
80.4673
80.4527
80.4527
80.4673
80.4527
80.4967
80.526
80.4967
80.5406
80.526
80.526
80.526
80.526
80.5406
80.5699
80.5992
80.5992
80.5846
80.5992
80.5846
80.5992
80.5992
80.6139
80.6285
80.6285
80.6432
80.6432
80.6285
80.6725
80.6285
80.6725
80.6579
80.6725
80.6872
80.6725
80.6872
80.7311
80.7018
80.7165
80.7165
80.7458
80.7165
80.7311
80.7458
80.7604
80.7458
80.7604
80.7604
80.7604
80.8044
80.7897
80.8337
80.8337
80.8044
80.7897
80.8484
80.819
80.8337
80.8337
80.8484
80.8337
80.8337
80.863
80.8777
80.907
80.8484
80.8777
80.863
80.8777
80.8923
80.9216
80.8777
80.9216
80.9216
80.9216
80.8923
80.9363
80.9216
80.9949
80.9509
80.9656
80.9802
80.9802
80.9509
80.9656
80.9802
80.9656
80.9802
80.9949
80.9949
80.9949
80.9656
81.0096
81.0096
81.0389
81.0096
81.0389
81.0242
81.0389
81.0242
81.0682
81.0682
81.0682
81.0535
81.0828
81.0535
81.1121
81.1121
81.0828
81.0975
81.0682
81.1121
81.0975
81.1121
81.1121
81.1121
81.1268
81.1268
81.1121
81.1268
81.1268
81.1561
81.1414
81.1561
81.1268
81.1854
81.1561
81.1414
81.2147
81.1708
81.1708
81.1708
81.1414
81.1561
81.1708
81.2001
81.1708
81.2147
81.2001
81.2147
81.2294
81.2001
81.2001
81.2001
81.2147
81.2147
81.244
81.244
81.2587
81.2294
81.244
81.2587
81.2587
81.244
81.2587
81.288
81.288
81.244
81.3026
81.288
81.288
81.3026
81.2587
81.3026
81.288
81.3026
81.288
81.2733
81.3026
81.3026
81.3173
81.332
81.3026
81.332
81.3173
81.332
81.3173
81.332
81.3466
81.332
81.332
81.3759
81.3759
81.3466
81.332
81.3466
81.3906
81.3613
81.3906
81.3759
81.3613
81.3613
81.3759
81.3759
81.4052
81.3906
81.4199
81.4052
81.4052
81.3906
81.4199
81.4052
81.4199
81.4199
81.4199
81.4199
81.4199
81.4052
81.4199
81.4199
81.4052
81.4199
81.4199
81.4638
81.4345
81.4638
81.4492
81.4492
81.4492
81.4932
81.4492
81.4638
81.4638
81.4638
81.4638
81.4932
81.4932
81.4492
81.4638
81.4932
81.4638
81.4932
81.4785
81.4932
81.5225
81.4785
81.5371
81.5225
81.5078
81.5225
81.5371
81.5225
80.8484
80.6872
80.6578
80.6725
80.6432
80.5846
80.6139
80.5992
80.5992
80.5699
80.5699
80.5846
80.5553
80.5406
80.5553