0.75592
1.03447
1.03447
1.59158
1.59158
1.59158
1.31303
2.14868
2.14868
1.87013
0.75592
2.14868
1.03447
1.87013
2.14868
2.42723
1.87013
1.59158
1.31303
1.31303
1.31303
1.59158
1.87013
2.70578
2.70578
2.98433
2.42723
2.14868
2.42723
2.42723
2.14868
3.26288
3.26288
2.42723
2.14868
2.42723
2.98433
1.87013
3.26288
3.54143
2.14868
3.26288
2.70578
3.26288
2.98433
2.70578
2.70578
2.98433
2.98433
2.98433
3.26288
3.26288
3.54143
3.54143
3.26288
3.26288
3.26288
3.54143
3.81998
3.54143
4.09853
3.81998
3.54143
3.81998
4.37708
3.81998
3.81998
3.81998
3.54143
3.81998
3.54143
3.81998
3.81998
4.09853
3.81998
3.26288
4.37708
4.37708
4.09853
3.54143
4.65563
4.09853
4.09853
4.65563
4.93418
4.93418
4.37708
4.37708
4.93418
4.65563
4.37708
4.65563
4.93418
4.65563
4.65563
4.93418
4.65563
4.93418
4.65563
4.93418
4.65563
5.21273
4.93418
4.93418
5.76984
4.37708
5.49128
5.21273
5.49128
5.49128
5.21273
5.21273
5.76984
5.21273
5.76984
5.21273
5.76984
5.49128
6.04839
5.76984
6.32694
6.04839
5.76984
6.32694
6.04839
6.32694
6.04839
6.04839
6.32694
6.32694
6.04839
-1.6101
6.32694
6.32694
6.60549
6.60549
6.88404
6.60549
7.16259
6.88404
7.16259
6.88404
7.44114
6.88404
7.16259
7.44114
7.44114
7.71969
7.71969
7.44114
7.71969
7.44114
7.99824
7.99824
7.71969
8.27679
7.44114
7.71969
7.99824
8.27679
7.99824
8.55534
6.72825
8.55534
8.27679
7.71969
8.55534
8.83387
8.83387
8.83387
9.39097
9.39097
9.66957
9.39097
9.94807
9.66957
9.66957
9.94807
10.22667
10.50517
9.5419
10.22667
10.78377
10.78377
10.78377
11.61937
11.34087
11.89797
11.34087
11.61937
12.17647
12.17647
12.17647
12.73357
11.87197
12.45507
12.73357
13.29067
13.84777
13.56927
13.84777
14.12637
14.68347
14.96197
15.24057
14.27527
14.96197
15.79767
15.79767
16.07617
16.07617
16.91187
17.46897
17.46897
16.95707
18.02607
18.30457
18.86167
19.97587
21.09007
20.25447
20.19567
21.64717
21.92577
21.92577
22.76147
23.87567
25.26837
24.32817
26.10407
26.66117
27.21827
28.33247
29.72517
29.83827
30.83937
32.23217
33.06777
35.29617
36.41037
36.82837
39.19587
40.03157
41.98137
43.65267
45.41587
45.88117
47.83097
50.05937
52.56637
54.86797
54.23767
62.95717
68.32077
71.47137
73.33257
74.49027
75.31087
75.92637
76.38067
76.74697
77.05477
77.28917
77.53837
77.71417
77.86077
78.02197
78.12457
78.27107
78.35897
78.41757
78.53487
78.59347
78.66677
78.75467
78.81327
78.88657
78.94517
78.97447
79.04777
79.06237
79.10637
79.13567
79.17967
79.19427
79.25287
79.29687
79.31157
79.37017
79.38477
79.44337
79.45807
79.47277
79.50207
79.54597
79.58997
79.58997
79.60457
79.66327
79.67787
79.72187
79.73647
79.78047
79.78047
79.79517
79.83907
79.83907
79.86837
79.91237
79.91237
79.94167
79.98567
79.98567
80.01497
80.01497
80.02957
80.04427
80.08817
80.10287
80.11757
80.08817
80.14687
80.19077
80.17617
80.17617
80.22007
80.23477
80.24937
80.23477
80.23477
80.29337
80.30807
80.29337
80.30807
80.32267
80.39597
80.36667
80.39597
80.38127
80.39597
80.41057
80.41057
80.48387
80.43987
80.49857
80.48387
80.52787
80.54247
80.51317
80.52787
80.55717
80.55717
80.55717
80.55717
80.61577
80.63047
80.63047
80.63047
80.64507
80.67437
80.65977
80.68907
80.67437
80.70367
80.71837
80.70367
80.68907
80.71837
80.73297
80.76227
80.77697
80.76227
80.76227
80.77697
80.82097
80.82097
80.82097
80.79167
80.86487
80.83557
80.87957
80.87957
80.86487
80.89417
80.86487
80.90887
80.92347
80.92347
80.93817
80.95287
80.93817
80.95287
80.96747
80.98217
80.99677
80.98217
81.04077
81.02607
81.04077
81.01147
81.01147
81.02607
81.02607
81.05537
81.07007
81.05537
81.08467
81.08467
81.09937
81.11407
81.08467
81.08467
81.15797
81.11407
81.15797
81.14337
81.12867
81.17267
81.15797
81.18727
81.18727
81.20197
81.21657
81.21657
81.21657
81.20197
81.23127
81.21657
81.23127
81.21657
81.24587
81.24587
81.26057
81.26057
81.28987
81.27517
81.28987
81.28987
81.28987
81.27517
81.28987
81.33387
81.31917
81.30457
81.33387
81.33387
81.34847
81.36317
81.34847
81.34847
81.36317
81.34847
81.37777
81.39247
81.37777
81.37777
81.40707
81.43637
81.45107
81.45107
81.40707
81.46577
81.43637
81.45107
81.42177
81.48037
81.45107
81.45107
81.48037
81.48037
81.43637
81.49507
81.48037
81.49507
81.49507
81.49507
81.50967
81.50967
81.52437
81.53897
81.53897
81.53897
81.53897
81.55367
81.55367
81.53897
81.55367
81.56827
81.55367
81.59757
81.56827
81.58297
81.58297
81.58297
81.59757
81.58297
81.59757
81.61227
81.64157
81.61227
81.64157
81.61227
81.62697
81.65627
81.62697
81.65627
81.68557
81.67087
81.65627
81.67087
81.67087
81.68557
81.67087
81.68557
81.68557
81.71487
81.72947
81.71487
81.70017
81.71487
81.72947
81.72947
81.71487
81.75877
81.74417
81.74417
81.72947
81.74417
81.77347
81.75877
81.74417
81.77347
81.74417
81.75877
81.78817
81.78817
81.77347
81.78817
81.80277
81.78817
81.80277
81.80277
81.80277
81.81747
81.83207
81.83207
81.78817
81.81747
81.81747
81.80277
81.84677
81.83207
81.80277
81.83207
81.86137
81.87607
81.89067
81.86137
81.87607
81.86137
81.87607
81.90537
81.89067
81.91997
81.91997
81.86137
81.91997
81.91997
81.90537
81.91997
81.93467
81.89067
81.91997
81.94937
81.91997
81.93467
81.94937
81.93467
81.94937
81.97867
81.94937
81.93467
81.96397
81.96397
81.97867
81.94937
81.97867
81.97867
81.96397
81.94937
81.99327
82.00797
81.94937
81.97867
81.97867
81.96397
81.97867
82.00797
81.99327
82.00797
81.99327
81.97867
82.00797
81.99327
81.99327
82.00797
82.03727
82.03727
82.02257
82.05187
82.02257
82.00797
82.02257
82.02257
82.05187
82.06657
82.03727
82.03727
82.05187
82.05187
82.06657
82.08117
82.05187
82.05187
82.06657
82.03727
82.06657
82.09587
82.06657
82.06657
82.05187
82.11057
82.11057
82.11057
82.05187
82.09587
82.12517
82.12517
82.09587
82.11057
82.11057
82.12517
82.11057
82.09587
82.12517
82.13987
82.11057
82.09587
82.12517
82.16917
82.11057
82.13987
82.13987
82.16917
82.15447
82.12517
82.15447
82.15447
82.13987
82.13987
82.16917
82.16917
82.15447
82.16917
82.15447
82.15447
82.16917
82.16917
82.15447
82.19847
82.18377
82.19847
82.15447
82.19847
82.18377
82.21307
82.22777
82.19847
82.15447
82.19847
82.21307
82.22777
82.22777
82.22777
82.22777
82.22777
82.22777
82.22777
81.53897
81.42177
81.36317
81.34847
81.34847
81.31917
81.34847
81.31917
81.28987
81.28987
81.26057
81.30457
81.24587
81.24587
81.27517
81.27517
81.27517
81.27517
81.27517
81.27517
81.27517
81.27517
81.27517
81.27517
81.27517
81.27517
81.27517
81.27517
81.27517
81.27517
81.27517
81.27517
81.27517
81.27517
81.27517
81.27517
81.27517
81.27517
81.27517
81.27517
81.27517
81.27517