-0.18678
-0.1787
-0.17409
-0.1787
-0.16949
-0.16949
-0.16489
-0.16029
-0.15108
-0.17832
-0.16029
-0.16029
-0.15108
-0.15108
-0.14188
-0.14188
-0.16372
-0.13728
-0.13268
-0.12347
-0.12347
-0.11427
-0.10966
-0.13912
-0.10046
-0.10046
-0.09126
-0.08205
-0.07745
-0.10376
-0.06825
-0.06364
-0.05904
-0.05444
-0.04984
-0.06918
-0.04523
-0.04063
-0.03143
-0.02683
-0.04689
-0.02683
-0.01762
-0.01302
-0.01302
-0.02767
-0.00842
-0.00382
-0.00382
-0.01153
7.87E-04
0.00539
0
-7.69E-04
0.00539
0.00999
0.00999
0.00845
0.01459
0.01459
0.0238
0.01845
0.0192
0.0192
0.0192
0.02383
0.0192
0.0192
0.02383
0.0192
0.0192
0.0192
0.02383
0.0192
0.0192
0.02229
0.0192
0.01459
0.02152
0.0238
0.0284
0.02383
0.0284
0.033
0.02767
0.033
0.03074
0.03228
0.03228
0.02998
0.02921
0.03074
0.03151
0.03151
0.03305
0.03382
0.03305
0.03459
0.03536
0.03843
0.03613
0.03536
0.03305
0.03305
0.03305
0.03459
0.03305
0.03305
0.03382
0.03305
0.03228
0.03074
0.03074
0.03305
0.03305
0.03382
0.03459
0.03536
0.03382
0.03305
0.03305
0.03459
0.03305
0.03613
0.03766
0.03766
0.03689
0.03613
0.03689
0.03766
0.03689
0.03843
0.04074
0.04227
0.04151
0.04227
0.04304
0.04227
0.04227
0.04151
0.04074
0.04227
0.04074
0.04074
0.04074
0.04074
0.03997
0.0392
0.04151
0.04227
0.04151
0.04151
0.04151
0.04151
0.04151
0.04151
0.04304
0.04151
0.04227
0.04227
0.04151
0.04074
0.04151
0.04074
0.04227
0.04304
0.04535
0.04304
0.04458
0.04458
0.04458
0.04458
0.04381
0.04304
0.04074
0.04227
0.04151
0.04304
0.04381
0.04304
0.04304
0.04458
0.04535
0.04381
0.04381
0.04458
0.04612
0.04535
0.04612
0.04535
0.04458
0.04458
0.04458
0.04535
0.04765
0.04535
0.04689
0.04689
0.04535
0.04535
0.04535
0.04612
0.04612
0.04612
0.04689
0.04612
0.04689
0.04689
0.04689
0.04612
0.04612
0.04765
0.04765
0.04612
0.04689
0.04612
0.04689
0.04765
0.04765
0.04689
0.04765
0.04689
0.04765
0.04842
0.04765
0.04765
0.04842
0.04842
0.04765
0.04919
0.04765
0.04919
0.04919
0.04842
0.04919
0.04842
0.04919
0.04842
0.04996
0.04996
0.04919
0.04919
0.04919
0.04919
0.04842
0.04842
0.04996
0.04842
0.04996
0.04919
0.05073
0.04996
0.04996
0.04996
0.05073
0.04919
0.0515
0.05073
0.05073
0.05073
0.04919
0.04919
0.04919
0.04996
0.04919
0.05073
0.05073
0.0515
0.05073
0.04996
0.05073
0.05073
0.05073
0.05073
0.0515
0.05073
0.05073
0.05227
0.05227
0.05073
0.05227
0.05303
0.0515
0.05073
0.05227
0.05073
0.0515
0.05227
0.0515
0.05227
0.05227
0.05227
0.05227
0.05227
0.0515
0.05227
0.0515
0.05227
0.05303
0.05303
0.05303
0.05303
0.0538
0.05303
0.05227
0.05303
0.05303
0.0515
0.05303
0.0538
0.05303
0.05303
0.05303
0.05303
0.0538
0.0538
0.05303
0.05303
0.0538
0.0538
0.0538
0.0538
0.0538
0.05457
0.05457
0.0538
0.05534
0.05457
0.05457
0.05457
0.05457
0.05457
0.05457
0.05457
0.05534
0.05457
0.0538
0.05457
0.05457
0.05457
0.05457
0.05457
0.05534
0.05534
0.05457
0.05534
0.05457
0.05611
0.05611
0.05611
0.05534
0.05534
0.05534
0.05611
0.05534
0.05457
0.05534
0.05688
0.05688
0.05611
0.05765
0.05688
0.05765
0.05457
0.05611
0.05688
0.05765
0.05611
0.05688
0.05688
0.05688
0.05688
0.05842
0.05611
0.05765
0.05611
0.05688
0.05765
0.05765
0.05688
0.05765
0.05765
0.05842
0.05765
0.05688
0.05842
0.05765
0.05688
0.05765
0.05765
0.05765
0.05765
0.05842
0.05765
0.05765
0.05765
0.05765
0.05765
0.05918
0.05842
0.05918
0.05842
0.05842
0.05842
0.05842
0.05842
0.05918
0.05918
0.05918
0.05918
0.05918
0.05918
0.05918
0.05995
0.05918
0.05842
0.05995
0.05918
0.05918
0.05918
0.05918
0.05995
0.06072
0.05995
0.06072
0.05995
0.05918
0.05995
0.05995
0.05995
0.06072
0.05995
0.05842
0.05842
0.06072
0.06149
0.06072
0.06072
0.06072
0.06226
0.06072
0.05995
0.06149
0.06072
0.06072
0.05918
0.06149
0.05995
0.06226
0.06149
0.05995
0.06149
0.06226
0.06226
0.06072
0.06149
0.06226
0.06226
0.06149
0.06149
0.06149
0.06226
0.06226
0.06226
0.06303
0.06149
0.06303
0.06226
0.06226
0.06226
0.06149
0.0638
0.06303
0.06303
0.06226
0.0638
0.0638
0.06226
0.0638
0.0638
0.0638
0.06456
0.06303
0.06303
0.0638
0.06303
0.0638
0.06456
0.06456
0.06456
0.06456
0.06456
0.06456
0.06533
0.06456
0.06533
0.06456
0.06456
0.06533
0.06533
0.0661
0.06533
0.06533
0.0661
0.0661
0.06533
0.0661
0.0661
0.06533
0.06533
0.0661
-0.01076
-0.01537
-0.01691
-0.01998
-0.01922
-0.01922
-0.01845
-0.01998
-0.01998
-0.01998
-0.01998
-0.01998
-0.01922
-0.02075
-0.01998