0.5571
0.5571
0.27855
0.27855
0.5571
0.83565
1.1142
1.1142
0.27855
0.27855
0
-0.27855
0.5571
1.1142
1.6713
1.39275
1.1142
0.83565
0.5571
0.27855
0.83565
0.83565
1.39275
1.39275
1.1142
0.5571
0.83565
3.06406
1.39275
0
1.39275
1.6713
0.83565
0.5571
1.1142
1.1142
1.1142
0.83565
0.5571
1.6713
1.39275
0.5571
1.39275
0.83565
0.83565
1.1142
1.1142
0.83565
0.5571
0.83565
1.1142
1.39275
1.39275
0.83565
0.83565
1.1142
1.39275
1.1142
1.39275
0.83565
0.83565
1.39275
0.83565
1.1142
1.1142
1.1142
1.39275
1.1142
1.1142
1.1142
1.39275
0.83565
1.39275
1.1142
1.6713
0.83565
1.6713
0.83565
1.1142
1.1142
1.39275
0.83565
1.1142
1.6713
0.83565
0.83565
0.83565
1.1142
0.83565
1.1142
0.83565
1.6713
1.1142
1.6713
1.1142
1.1142
1.39275
1.39275
1.1142
1.1142
1.39275
0.83565
1.94985
2.2284
1.6713
1.6713
1.6713
1.6713
1.6713
1.39275
1.1142
1.39275
1.6713
0.83565
1.39275
1.39275
1.39275
1.1142
1.39275
2.2284
0.83565
1.6713
1.6713
1.1142
1.6713
1.94985
1.6713
1.94985
1.6713
1.6713
1.94904
1.6713
1.39275
1.39275
1.94985
1.39275
1.94985
1.6713
1.39275
1.6713
1.39275
1.1142
1.39275
1.1142
1.1142
1.1142
1.1142
1.6713
1.39275
1.39275
1.39275
1.39275
1.6713
1.6713
1.6713
1.39275
1.6713
1.39275
1.39275
1.6713
1.1142
1.48009
1.94985
1.39275
1.6713
1.6713
1.39275
1.94985
1.39275
1.94985
1.94985
1.6713
2.2284
1.39275
1.6713
1.6713
1.6713
1.6713
1.39275
1.65595
1.94985
1.94985
1.94985
1.6713
1.6713
1.6713
1.6713
1.94985
1.6713
1.6713
2.2284
1.6713
1.39275
1.75853
1.6713
1.39275
1.6713
1.94985
1.94985
1.94985
1.6713
1.6713
1.6713
2.2284
1.8318
2.2284
1.94985
1.39275
1.39275
1.6713
1.94985
1.6713
2.2284
1.93438
1.6713
2.50696
1.94985
2.2284
2.2284
2.2284
1.94904
1.1142
2.50696
1.94985
1.94985
1.6713
2.2284
2.02231
1.6713
2.2284
2.2284
1.94985
1.94985
2.09558
1.6713
2.2284
1.94985
2.2284
2.78551
2.11023
2.2284
1.94985
2.50696
2.50696
2.13954
2.50696
2.2284
1.94985
1.94985
2.16885
2.50696
2.2284
1.94985
2.22747
1.94985
1.94985
2.2284
2.19816
1.94985
2.2284
2.50696
2.27143
2.2284
2.78551
2.2284
2.28609
1.94985
2.50696
2.50696
2.3154
2.2284
2.2284
2.33005
2.78551
1.94985
2.2284
2.3447
2.2284
2.78551
2.37401
2.2284
3.06406
2.38867
2.50696
2.78551
2.41798
2.2284
2.2284
2.41798
1.94985
2.43263
2.46194
2.49125
2.46194
2.53521
2.5059
2.54987
2.56452
2.54987
2.59383
2.57917
2.57917
2.57917
2.60848
2.63779
2.62314
2.63779
2.6671
2.6671
2.68176
2.6671
2.68176
2.68176
2.71106
2.72572
2.72572
2.74037
2.74037
2.74037
2.78434
2.75503
2.78434
2.78434
2.81364
2.81364
2.84295
2.85761
2.87226
2.85761
2.87226
2.88692
2.88692
2.90157
2.93088
2.91623
2.94553
2.94553
2.90157
2.97484
2.94553
3.00415
2.97484
3.00415
2.9895
2.9895
3.03346
3.01881
3.04812
3.06277
3.04812
3.06277
3.10673
3.07742
3.1507
3.13604
3.13604
3.13604
3.1507
3.13604
3.19466
3.19466
3.18
3.20931
3.20931
3.20931
3.25328
3.25328
3.23862
3.28259
3.31189
3.29724
3.31189
3.29724
3.3412
3.32655
3.35586
3.38517
3.37051
3.38517
3.38517
3.42913
3.38517
3.42913
3.44378
3.47309
3.47309
3.48775
3.51706
3.48775
3.48775
3.51706
3.54636
3.51706
3.51706
3.54636
3.56102
3.60498
3.59033
3.61964
3.60498
3.6636
3.64895
3.63429
3.64895
3.67825
3.67825
3.69291
3.72222
3.73687
3.72222
3.72222
3.72222
3.76618
3.78084
3.79549
3.79549
3.8248
3.83945
3.85411
3.83945
3.88342
3.89807
3.89807
3.91272
3.89807
3.94203
3.95669
3.95669
4.00065
4.00065
4.02996
4.00065
4.02996
4.04461
4.02996
4.05927
4.08858
4.10323
4.08858
4.1472
4.11789
4.13254
4.16185
4.13254
4.19116
4.20581
4.22047
4.24978
4.24978
4.26443
4.24978
4.29374
4.32305
4.32305
4.32305
4.3377
4.35236
4.3377
4.36701
4.38167
4.39632
4.41097
4.44028
4.48425
4.45494
4.51356
4.51356
4.51356
4.54286
4.57217
4.57217
4.52821
4.60148
4.60148
4.58683
4.61614
4.61614
4.67475
4.67475
4.6601
4.74803
4.68941
4.74803
4.73337
4.76268
4.77733
4.80664
4.8213
4.85061
4.83595
4.85061
4.87992
4.90922
4.90922
4.93853
4.95319
4.9825
4.9825
5.01181
5.01181
5.07042
5.08508
5.05577
5.07042
5.09973
5.14369
5.15835
5.15835
5.18766
5.21697
5.27558
5.26093
5.27558
5.27558
5.27558
5.34886
5.3342
5.36351
5.37817
5.40747
5.43678
5.43678
5.43678
5.51005
5.46609
5.52471
5.56867
5.58333
5.59798
5.62729
5.62729
5.6566
5.64194
5.68591
5.71522
5.75918
5.75918
5.78849
5.80314
5.83245
5.84711
5.86176
5.89107
5.92038
5.96434
5.94969
6.0083
5.979
6.02296
6.03761
6.12554
6.15485
6.15485
6.15485
6.22812
6.24277
6.25743
6.30139
6.28674
6.3307
6.38932
6.38932
6.38932
6.47725
6.4919
6.52121
6.53586
6.56517
6.57983
6.60913
6.66775
6.69706
6.72637
6.74102
6.79964
6.84361
6.84361
6.91688
6.91688
6.96084
6.99015
6.99015
7.09273
7.09273
7.10738
7.166
7.20997
7.23927
7.29789
7.31255
7.34185
7.41513
7.45909
7.47374
7.53236
7.56167
7.62029
7.66425
7.70821
7.75218
7.8108
7.82545
7.89872
7.94269
7.98665
8.01596
8.08923
8.1625
8.19181
8.26508
8.30905
8.36766
8.39697
8.44093
8.55817
8.57282
8.63144
8.71937
8.77799
8.88057
8.92453
8.9978
9.05642
9.11504
9.20296
9.24693
9.34951
9.43743
9.54002
9.62794
9.70121
9.80379
9.89172
9.97965
10.0676
10.1848
10.2874
10.3753
10.5072
10.6244
10.7417
10.8882
11.0348
11.1227
11.2839
11.4451
11.6209
11.7968
11.9287
12.1338
12.295
12.5002
12.7054
12.9691
13.189
13.4234
13.6872
13.951
14.2148
14.5518
14.8303
15.2113
15.5337
15.944
16.3836
16.8233
17.2775
17.7611
18.2887
18.8749
19.5197
20.1645
20.8825
21.6739
22.4652
23.3884
24.3703
25.4547
26.6417
27.8873
29.3381
30.8915
32.65
34.5258
36.6946
39.0686
41.7944
44.7252
47.9932
51.4223
54.8954
58.3392
61.5485
64.3915
66.8681
68.9783
70.7515
72.1436
73.2574
74.2099
74.9426
75.4848
75.9245
76.2762
76.5546
76.8037
77.0089
77.1848
77.302
77.4046
77.5511
77.6684
77.7416
77.8295
77.9028
77.346
77.2141
77.1848
77.1261
77.1261
77.0968
77.1115
77.0675
77.0675
77.0675
77.0822
77.0968
77.0822
77.0529
77.0382