-0.06418
-0.07062
-0.06141
-0.04761
-0.06602
-0.11664
-0.07062
-0.07062
-0.06602
-0.06649
-0.07062
-0.07062
-0.07062
-0.07062
-0.06602
-0.07522
-0.06956
-0.07062
-0.07062
-0.05221
-0.07062
-0.06602
-0.07062
-0.06802
-0.07062
-0.06602
-0.07062
-0.07062
-0.07062
-0.06802
-0.07062
-0.07062
-0.07062
-0.07522
-0.07522
-0.07264
-0.07982
-0.07522
-0.07522
-0.07062
-0.07187
-0.07062
-0.07062
-0.07522
-0.08442
-0.07417
-0.07062
-0.07522
-0.07522
-0.07648
-0.07522
-0.07522
-0.07062
-0.07494
-0.07982
-0.06602
-0.07062
-0.07494
-0.07522
-0.07522
-0.07522
-0.07494
-0.07982
-0.07522
-0.07522
-0.07571
-0.08442
-0.07982
-0.07725
-0.07522
-0.07982
-0.07522
-0.07802
-0.07982
-0.07982
-0.07955
-0.08442
-0.07982
-0.07955
-0.07522
-0.07982
-0.07802
-0.07982
-0.07062
-0.07802
-0.08442
-0.07879
-0.07955
-0.08109
-0.08109
-0.08032
-0.08109
-0.08109
-0.08186
-0.08186
-0.08109
-0.08186
-0.08109
-0.08109
-0.08109
-0.08263
-0.0834
-0.0834
-0.0834
-0.0834
-0.08263
-0.0834
-0.0834
-0.08417
-0.08493
-0.08493
-0.08647
-0.08724
-0.08647
-0.08724
-0.0857
-0.08724
-0.08724
-0.08878
-0.08955
-0.08955
-0.08955
-0.08955
-0.08955
-0.08955
-0.09031
-0.09031
-0.09185
-0.09185
-0.09108
-0.09185
-0.09185
-0.09262
-0.09262
-0.09185
-0.09185
-0.09262
-0.09262
-0.09262
-0.09108
-0.09185
-0.09185
-0.09262
-0.09185
-0.09262
-0.09262
-0.09416
-0.09339
-0.09339
-0.09339
-0.09416
-0.09416
-0.09493
-0.09416
-0.09493
-0.09493
-0.09646
-0.0957
-0.09646
-0.09723
-0.09723
-0.09723
-0.09877
-0.09877
-0.09877
-0.09954
-0.09877
-0.09954
-0.098
-0.09877
-0.098
-0.09877
-0.09723
-0.098
-0.09954
-0.09954
-0.09954
-0.10108
-0.10108
-0.10108
-0.10108
-0.10184
-0.10261
-0.10108
-0.10184
-0.10338
-0.10261
-0.10261
-0.10184
-0.10338
-0.10261
-0.10338
-0.10338
-0.10569
-0.10415
-0.10492
-0.10261
-0.10415
-0.10415
-0.10492
-0.10569
-0.10569
-0.10569
-0.10569
-0.10569
-0.10646
-0.10722
-0.10646
-0.10722
-0.10722
-0.10722
-0.10799
-0.10722
-0.10799
-0.10876
-0.10799
-0.10876
-0.10953
-0.10953
-0.1103
-0.1103
-0.11107
-0.1103
-0.11107
-0.11107
-0.11107
-0.11184
-0.11184
-0.11107
-0.11184
-0.11184
-0.1126
-0.11184
-0.11184
-0.11337
-0.1126
-0.1126
-0.11337
-0.11337
-0.11337
-0.11414
-0.11414
-0.11491
-0.11491
-0.11491
-0.11568
-0.11568
-0.11414
-0.11645
-0.11645
-0.11722
-0.11645
-0.11645
-0.11645
-0.11799
-0.11722
-0.11722
-0.11722
-0.11875
-0.11799
-0.11875
-0.11952
-0.11875
-0.11952
-0.12029
-0.12029
-0.11952
-0.12029
-0.11952
-0.12106
-0.12106
-0.12183
-0.12183
-0.12183
-0.12183
-0.12106
-0.12183
-0.12183
-0.12183
-0.1226
-0.1226
-0.12413
-0.12337
-0.12413
-0.12337
-0.12413
-0.12413
-0.1249
-0.12567
-0.12644
-0.12567
-0.12567
-0.1249
-0.12567
-0.12567
-0.12567
-0.12798
-0.12721
-0.12721
-0.12798
-0.12798
-0.12798
-0.12721
-0.12875
-0.12875
-0.12875
-0.13028
-0.12875
-0.13028
-0.12875
-0.13105
-0.13105
-0.13028
-0.13028
-0.13182
-0.13028
-0.13182
-0.13182
-0.13105
-0.13336
-0.13259
-0.13259
-0.13413
-0.13259
-0.13259
-0.13413
-0.13413
-0.13489
-0.13489
-0.13566
-0.13566
-0.13643
-0.13643
-0.13566
-0.13566
-0.13643
-0.1372
-0.13643
-0.13874
-0.1372
-0.1372
-0.13874
-0.13874
-0.13951
-0.13951
-0.13951
-0.14028
-0.13874
-0.13951
-0.13951
-0.14104
-0.14104
-0.14181
-0.14104
-0.14104
-0.14181
-0.14104
-0.14335
-0.14335
-0.14335
-0.14335
-0.14335
-0.14412
-0.14412
-0.14489
-0.14489
-0.14412
-0.14489
-0.14642
-0.14566
-0.14719
-0.14796
-0.14719
-0.14566
-0.14719
-0.14796
-0.14796
-0.14796
-0.14719
-0.14873
-0.1495
-0.15027
-0.1495
-0.15027
-0.15027
-0.15027
-0.15104
-0.15104
-0.1518
-0.1518
-0.15257
-0.15334
-0.15334
-0.15257
-0.15334
-0.15488
-0.15411
-0.15488
-0.15334
-0.15565
-0.15488
-0.15642
-0.15565
-0.15642
-0.15795
-0.15642
-0.15719
-0.15795
-0.15795
-0.15872
-0.15949
-0.15949
-0.15795
-0.15872
-0.16103
-0.15949
-0.16103
-0.16103
-0.16026
-0.16103
-0.1618
-0.1618
-0.16333
-0.1618
-0.1641
-0.16333
-0.1641
-0.16257
-0.1641
-0.1641
-0.1641
-0.1641
-0.16564
-0.16564
-0.16564
-0.16564
-0.16564
-0.16487
-0.16564
-0.16641
-0.16641
-0.16564
-0.16641
-0.16641
-0.16718
-0.16641
-0.16718
-0.16718
-0.16564
-0.16718
-0.16564
-0.16641
-0.16718
-0.16641
-0.16641
-0.16564
-0.1641
-0.16487
-0.1641
-0.16257
-0.16257
-0.1618
-0.16103
-0.15872
-0.15795
-0.15719
-0.15565
-0.15411
-0.15257
-0.15104
-0.1495
-0.14566
-0.14335
-0.14104
-0.13797
-0.13413
-0.12951
-0.1249
-0.11952
-0.11491
-0.10569
-0.09954
-0.09108
-0.08109
-0.07264
-0.06111
-0.05035
-0.04112
-0.03497
-0.02806
-0.02421
-0.02037
-0.01883
-0.01653
-0.01499
-0.01499
-0.01192
-0.01192
-0.01038
-0.01038
-0.01038
-0.00961
-0.00884
-0.00884
-0.00884
-0.0073
-0.00653
-0.00577
-0.00577
-0.00577
-0.00653
-0.04804
-0.05035
-0.05265
-0.05342
-0.05188
-0.05265
-0.05342
-0.05342
-0.05342
-0.05419
-0.05419
-0.05496
-0.05496
-0.05419
-0.05573