0.5571
0
0
0.5571
0.5571
0.83565
1.39275
0.83565
1.1142
0.27855
0
0.27855
0.5571
1.1142
1.6713
1.94985
1.39275
1.39275
0.83565
1.1142
1.1142
0.83565
1.1142
1.39275
1.39275
0.83565
0.83565
0.5571
1.39275
1.94985
1.1142
1.39275
0.5571
1.1142
1.39275
1.1142
1.94985
1.1142
0.83565
1.6713
0.83565
0.83565
0.83565
1.39275
1.1142
1.1142
1.1142
1.1142
1.39275
1.6713
1.1142
1.39275
1.1142
1.6713
0
1.6713
1.94985
0.83565
1.6713
1.39275
1.1142
1.94985
0.83565
1.6713
1.1142
1.1142
1.39275
1.6713
1.94985
1.1142
1.1142
1.39275
1.6713
1.39275
1.94985
1.1142
1.94985
1.39275
1.6713
1.6713
1.6713
1.6713
1.39275
1.94985
1.6713
1.39275
1.1142
1.39275
1.39275
1.94985
1.39275
1.6713
1.6713
1.6713
1.94985
1.94985
1.39275
1.6713
1.6713
1.39275
1.39275
1.6713
1.94985
1.94985
1.6713
1.6713
1.39275
1.94985
1.94985
1.6713
1.6713
1.6713
1.94985
1.39275
1.39275
1.6713
1.39275
1.94985
1.94985
1.6713
1.6713
1.94985
1.6713
1.39275
1.39275
2.2284
1.6713
2.2284
1.6713
1.94985
0.01465
1.94985
1.94985
1.94985
2.2284
2.2284
1.94985
2.2284
1.6713
1.6713
1.94985
1.94985
1.6713
1.6713
1.94985
1.6713
1.39275
1.94985
1.94985
2.2284
1.6713
2.2284
2.2284
1.39275
1.6713
1.6713
2.50696
2.50696
1.94985
1.94985
1.6713
1.56802
2.2284
1.94985
1.94985
1.39275
2.2284
1.94985
2.50696
2.50696
2.78551
2.2284
1.94985
1.94985
1.94985
1.94985
2.2284
1.94985
1.6713
1.97834
2.78551
2.2284
2.2284
1.94985
1.6713
2.50696
2.2284
2.50696
1.94985
2.50696
2.78551
1.94985
1.94985
2.18351
2.50696
1.94985
2.2284
2.78551
2.2284
2.78551
2.2284
2.50696
2.2284
2.50696
2.33005
2.50696
1.94985
2.50696
2.2284
2.2284
2.2284
2.2284
2.2284
2.43263
2.50696
2.78551
1.6713
2.50696
2.50696
2.78551
2.53521
2.78551
3.06406
2.50696
3.06406
2.78551
3.06406
2.60848
2.2284
3.06406
2.78551
2.78551
3.06406
2.71106
2.78551
2.2284
2.78551
3.34261
3.06406
2.76968
3.34261
2.50696
3.06406
3.06406
2.78434
3.06406
2.78551
2.50696
3.06406
2.87226
3.06406
3.06406
3.06406
2.91623
2.78551
2.2284
2.78551
2.97484
3.06406
3.06406
3.06406
2.97484
2.50696
3.62116
3.34261
3.04812
3.06406
3.62116
3.34261
3.07742
3.34261
3.06406
3.10673
3.34261
2.78551
2.78551
3.13604
3.06406
3.06406
3.16535
2.78551
3.34261
3.19466
3.34261
3.34261
3.20931
3.34261
3.06406
3.28259
3.89971
3.29724
3.31189
3.28259
3.31189
3.35586
3.39982
3.41448
3.44378
3.44378
3.44378
3.47309
3.48775
3.5024
3.51706
3.53171
3.56102
3.60498
3.59033
3.61964
3.63429
3.6636
3.64895
3.67825
3.69291
3.70756
3.73687
3.76618
3.73687
3.76618
3.76618
3.79549
3.8248
3.83945
3.85411
3.86876
3.89807
3.89807
3.94203
3.91272
3.95669
3.97134
3.97134
3.97134
4.01531
4.02996
4.02996
4.05927
4.05927
4.10323
4.13254
4.1472
4.13254
4.16185
4.16185
4.19116
4.19116
4.22047
4.23512
4.26443
4.27908
4.27908
4.30839
4.32305
4.32305
4.3377
4.36701
4.39632
4.36701
4.41097
4.45494
4.46959
4.48425
4.48425
4.51356
4.52821
4.57217
4.57217
4.63079
4.58683
4.61614
4.63079
4.61614
4.68941
4.67475
4.68941
4.73337
4.73337
4.80664
4.79199
4.8213
4.85061
4.85061
4.87992
4.86526
4.92388
4.95319
4.9825
4.95319
4.99715
5.01181
5.04111
5.08508
5.08508
5.11439
5.12904
5.15835
5.15835
5.20231
5.21697
5.21697
5.26093
5.29024
5.27558
5.30489
5.34886
5.37817
5.39282
5.39282
5.43678
5.42213
5.46609
5.4954
5.53936
5.53936
5.58333
5.62729
5.61264
5.64194
5.67125
5.68591
5.71522
5.74453
5.77383
5.75918
5.8178
5.83245
5.83245
5.86176
5.92038
5.96434
5.96434
5.96434
6.0083
6.05227
6.06692
6.12554
6.12554
6.14019
6.19881
6.21347
6.24277
6.30139
6.3307
6.31605
6.37466
6.37466
6.43328
6.43328
6.46259
6.50655
6.52121
6.59448
6.57983
6.62379
6.66775
6.71172
6.74102
6.75568
6.77033
6.84361
6.84361
6.88757
6.90222
6.96084
7.0048
7.01946
7.06342
7.09273
7.13669
7.18066
7.22462
7.26858
7.31255
7.3272
7.38582
7.41513
7.41513
7.4884
7.54702
7.59098
7.60563
7.66425
7.72287
7.73752
7.78149
7.82545
7.86941
7.91338
7.98665
8.03061
8.04527
8.10388
8.14785
8.19181
8.25043
8.29439
8.36766
8.39697
8.47024
8.51421
8.54352
8.60213
8.69006
8.73402
8.79264
8.86591
8.95384
8.98315
9.05642
9.11504
9.18831
9.26158
9.34951
9.42278
9.4814
9.52536
9.59863
9.73052
9.74518
9.86241
9.92103
10.009
10.0676
10.1702
10.2581
10.3607
10.4486
10.5658
10.6391
10.727
10.8589
10.9468
11.0494
11.1813
11.3279
11.4011
11.5477
11.6796
11.8261
11.958
12.0752
12.2218
12.383
12.5295
12.6761
12.8519
13.0131
13.1743
13.3209
13.57
13.7605
13.9656
14.1855
14.4053
14.6397
14.8742
15.138
15.3871
15.7095
15.988
16.3103
16.6474
16.9551
17.2775
17.7465
18.1568
18.6111
19.0214
19.5343
20.0326
20.5601
21.1756
21.8204
22.4799
23.1833
23.9599
24.7952
25.6892
26.6417
27.7115
28.8545
30.0855
31.4337
32.9284
34.5111
36.3136
38.2626
40.4168
42.8055
45.3993
48.257
51.2758
54.3385
57.4746
60.3908
63.1605
65.5345
67.5861
69.3593
70.8101
71.9678
72.9203
73.6677
74.2832
74.7814
75.1478
75.5435
75.8512
76.0417
76.2908
76.4667
76.6279
76.7598
76.921
77.0382
77.1408
77.2287
77.3313
77.4192
77.5072
77.5804
77.639
77.7416
77.727
77.8295
77.8735
77.9321
77.9614
78.0347
78.0494
78.0933
78.1373
78.1519
78.1959
78.2399
78.2692
78.2838
78.3425
78.3131
78.4157
78.445
78.445
78.5037
78.489
78.5476
78.5623
78.5769
78.5623
78.6355
78.6502
78.6795
78.7088
78.7381
78.7528
78.7674
78.7528
78.7967
78.8114
78.8407
78.8407
78.8847
78.8554
78.87
78.9286
78.9286
78.9286
78.9579
78.9579
78.9872
79.0166
79.0019
79.0459
79.0605
79.0752
79.0898
79.0752
79.1338
79.1484
79.1631
79.1778
79.1631
79.1924
79.1778
79.2071
79.2071
79.2217
79.2217
79.2657
79.2657
79.2657
79.295
79.295
79.3243
79.339
79.339
79.339
79.3683
79.3536
79.3829
79.4122
79.3976
79.3829
79.4269
79.4415
79.4122
79.4269
79.4415
79.4708
79.5002
79.5002
79.4855
79.5002
79.5148
79.5148
79.5295
78.914
78.7821
78.7528
78.7381
78.6942
78.6795
78.7088
78.6648
78.6942
78.6209
78.6355
78.6355
78.6062
78.6355
78.6062