0
0
0
0
0
0
0
0
0
0
0
0
0
0
0
0
0
0
0
0
0
0
0
0
0
0
0
0
0
0
0
0
0
0
0
0
0
0
0
0
0
0
0
0
0
0
0
0
0
0
0
0
0
0
0
0
0
0
0
0
0
0
0
0
0
0
0
0
0
0
0
0
0
0
0
0
0
0
0
0
0
0
0
0
0
0
0
0
0
0
0
0
0
0
0
0
0
0
0
0
0
0
0
0
0
0
0
0
0
0
0
0
0
0
0
0
0
0
0
0
0
0
0
0
0
0
0
0
0
0
0
0
0
0
0
0
0
0
0
0
0
0
0
0
0
0
0
0
0
0
0
0
0
0
0
0
0
0
0
0
0
0
0
0
0
0
0
0
0
0
0
0
0
0
0
0
0
0
0
0
0
0
0
0
0
0
0
0
0
0
0
0
0
0
0
0
0
0
0
0
0
0
0
0
-0.07609
-0.07565
-0.08025
-0.08025
-0.08485
-0.08485
-0.08025
-0.08945
-0.08485
-0.07994
-0.08025
-0.08025
-0.07565
-0.08945
-0.08485
-0.08485
-0.08455
-0.08485
-0.08485
-0.08945
-0.08945
-0.08485
-0.08945
-0.08609
-0.08485
-0.08025
-0.08025
-0.08485
-0.08485
-0.08455
-0.08945
-0.08945
-0.08945
-0.08485
-0.09406
-0.08609
-0.08945
-0.09866
-0.08945
-0.08945
-0.08993
-0.09406
-0.09406
-0.05724
-0.09406
-0.093
-0.09406
-0.08945
-0.09406
-0.09377
-0.09406
-0.08945
-0.09406
-0.09223
-0.09406
-0.09406
-0.09406
-0.09454
-0.09406
-0.09406
-0.09406
-0.09147
-0.09406
-0.09866
-0.09866
-0.093
-0.09866
-0.11707
-0.09531
-0.09866
-0.09866
-0.09866
-0.09531
-0.10326
-0.10786
-0.09915
-0.10326
-0.09406
-0.10069
-0.10326
-0.09866
-0.09992
-0.09866
-0.09866
-0.09762
-0.09866
-0.09838
-0.09838
-0.10069
-0.10069
-0.10146
-0.103
-0.10146
-0.10223
-0.10223
-0.10146
-0.103
-0.10376
-0.103
-0.103
-0.10376
-0.10376
-0.10453
-0.1053
-0.10607
-0.1053
-0.10607
-0.10684
-0.10607
-0.10761
-0.10838
-0.10991
-0.10838
-0.10914
-0.10914
-0.10991
-0.11068
-0.11068
-0.11145
-0.11376
-0.11299
-0.11529
-0.11376
-0.11453
-0.11453
-0.11529
-0.11606
-0.11683
-0.1176
-0.11837
-0.11837
-0.11914
-0.1176
-0.1176
-0.11914
-0.11914
-0.1176
-0.11837
-0.11837
-0.11837
-0.12067
-0.11837
-0.11914
-0.11991
-0.11991
-0.11991
-0.12067
-0.11991
-0.12067
-0.12221
-0.12221
-0.12221
-0.12221
-0.12298
-0.12298
-0.12298
-0.12375
-0.12298
-0.12452
-0.12605
-0.12605
-0.12682
-0.12682
-0.12682
-0.12836
-0.12759
-0.12759
-0.12759
-0.12682
-0.12759
-0.12759
-0.12759
-0.12759
-0.12759
-0.1299
-0.1299
-0.1299
-0.13067
-0.13144
-0.1322
-0.13144
-0.13297
-0.1322
-0.1322
-0.13297
-0.13297
-0.13451
-0.13374
-0.13297
-0.13374
-0.13451
-0.13605
-0.13528
-0.13605
-0.13605
-0.13605
-0.13835
-0.13758
-0.13758
-0.13835
-0.13835
-0.13912
-0.13912
-0.13912
-0.13989
-0.13912
-0.13989
-0.13912
-0.14066
-0.14066
-0.14143
-0.14219
-0.14219
-0.14296
-0.14373
-0.14373
-0.14296
-0.1445
-0.1445
-0.1445
-0.14527
-0.14604
-0.14527
-0.14604
-0.14681
-0.14681
-0.14604
-0.14911
-0.14758
-0.14911
-0.14911
-0.14911
-0.15065
-0.14988
-0.15065
-0.15065
-0.15142
-0.15219
-0.15142
-0.15219
-0.15219
-0.15296
-0.15373
-0.15373
-0.15373
-0.15373
-0.15526
-0.15603
-0.15603
-0.15603
-0.15526
-0.1568
-0.15603
-0.1568
-0.15834
-0.15834
-0.15757
-0.15834
-0.15987
-0.15987
-0.16064
-0.16064
-0.16141
-0.16141
-0.16141
-0.16295
-0.16372
-0.16295
-0.16448
-0.16372
-0.16525
-0.16448
-0.16525
-0.16602
-0.16602
-0.16679
-0.16756
-0.16756
-0.16679
-0.16756
-0.16833
-0.1691
-0.16987
-0.16987
-0.17063
-0.16987
-0.1714
-0.1714
-0.17217
-0.1714
-0.17371
-0.17294
-0.17294
-0.17294
-0.17294
-0.17525
-0.17448
-0.17525
-0.17448
-0.17602
-0.17602
-0.17602
-0.17678
-0.17755
-0.17678
-0.17678
-0.17832
-0.17832
-0.17755
-0.17909
-0.17909
-0.17909
-0.17909
-0.17832
-0.17909
-0.17909
-0.17909
-0.17986
-0.17986
-0.17986
-0.17986
-0.17909
-0.17909
-0.17832
-0.17909
-0.17986
-0.17909
-0.17909
-0.17832
-0.17909
-0.17909
-0.17755
-0.17755
-0.17602
-0.17678
-0.17602
-0.17602
-0.17448
-0.17448
-0.17294
-0.17217
-0.17217
-0.17217
-0.1714
-0.16987
-0.1691
-0.1691
-0.16833
-0.16602
-0.16448
-0.16372
-0.16372
-0.16141
-0.16064
-0.15911
-0.15987
-0.1568
-0.15526
-0.15296
-0.15065
-0.14988
-0.14758
-0.14604
-0.14373
-0.14143
-0.13835
-0.13605
-0.13374
-0.13067
-0.12759
-0.12529
-0.12067
-0.11683
-0.11376
-0.10838
-0.10376
-0.09915
-0.09531
-0.08916
-0.08378
-0.0784
-0.07071
-0.06456
-0.05842
-0.05303
-0.04689
-0.04151
-0.03689
-0.03305
-0.02844
-0.0246
-0.02152
-0.01922
-0.01768
-0.01614
-0.01537
-0.01307
-0.0123
-0.0123
-0.01076
-0.01076
-0.00999
-0.00922
-0.00922
-0.00999
-0.00845
-0.00845
-0.00615
-0.00615
-0.00769
-0.00615
-0.00615
-0.00615
-0.00538
-0.00538
-0.00461
-0.00461
-0.00538
-0.00384
-0.00384
-0.00538
-0.00384
-0.00461
-0.00384
-0.00307
-0.00461
-0.00384
-0.00307
-0.00307
-0.00231
-0.00307
-0.00231
-7.69E-04
-0.00307
-0.00154
-7.69E-04
0
0
-7.69E-04
-7.69E-04
-0.00154
0
0
-0.00154
-0.00154
7.69E-04
-7.69E-04
-7.69E-04
0
7.69E-04
0
0.00154
0
0
7.69E-04
0.00154
7.69E-04
0.00154
0.00154
0.00154
0.00154
0.00154
7.69E-04
7.69E-04
0.00154
7.69E-04
0.00231
0.00231
0.00231
0.00154
0.00154
0.00307
0.00231
0.00231
0.00307
0.00231
0.00307
0.00384
0.00307
0.00384
0.00384
0.00154
0.00461
0.00307
0.00461
0.00307
0.00384
0.00461
0.00384
0.00461
0.00461
0.00461
0.00307
0.00615
0.00461
0.00538
0.00615
0.00538
0.00538
0.00461
0.00615
0.00615
0.00692
0.00538
0.00538
0.00615
0.00615
0.00538
0.00615
0.00692
0.00615
-0.04304
-0.04765
-0.04689
-0.04765
-0.04919
-0.04612
-0.04842
-0.04919
-0.04996
-0.04919
-0.05073
-0.04996
-0.04996
-0.05073
-0.05073