0.83565
0.83565
0.5571
0.27855
1.1142
1.1142
1.1142
1.39275
1.6713
1.1142
1.1142
0.83565
0.83565
0.83565
1.1142
1.94985
1.1142
1.6713
1.1142
1.1142
1.39275
1.1142
1.1142
1.39275
1.6713
1.39275
1.39275
1.1142
1.1142
1.39275
1.1142
1.6713
1.1142
1.6713
1.39275
1.39275
1.94985
1.39275
1.6713
1.6713
1.6713
1.39275
1.39275
1.39275
1.39275
1.94985
1.6713
1.1142
1.6713
1.94985
1.39275
2.2284
1.39275
1.6713
1.1142
1.94985
1.6713
1.39275
1.6713
1.39275
1.39275
1.6713
1.1142
1.94985
1.39275
1.39275
1.94985
1.94985
1.6713
1.6713
1.94985
1.39275
1.39275
2.50696
2.2284
1.94985
2.2284
2.2284
2.2284
1.6713
1.6713
2.2284
1.6713
1.6713
2.2284
2.2284
1.6713
1.6713
2.50696
1.94985
1.39275
1.94985
1.94985
1.94985
2.50696
2.2284
1.94985
1.94985
1.94985
1.39275
2.2284
2.2284
1.94985
2.2284
1.94985
1.94985
1.6713
2.2284
1.94985
2.2284
2.2284
2.2284
2.50696
2.50696
1.6713
2.2284
1.94985
1.6713
2.50696
2.78551
1.6713
1.6713
2.50696
1.94985
1.94985
2.2284
2.2284
2.2284
2.2284
2.2284
0
1.94985
2.78551
2.2284
2.2284
2.78551
2.78551
2.50696
1.6713
2.2284
2.50696
2.78551
1.94985
2.2284
2.50696
2.50696
2.2284
2.78551
1.39275
2.50696
2.2284
2.78551
2.50696
2.50696
1.94985
2.2284
2.50696
2.50696
2.2284
2.50696
2.50696
2.13954
2.78551
2.78551
2.50696
2.2284
3.06406
2.78551
3.06406
3.34261
2.50696
2.78551
2.50696
2.78551
2.50696
2.2284
2.50696
2.50696
2.78551
2.56452
3.06406
3.06406
3.06406
2.78551
3.06406
2.78551
3.34261
3.62116
2.2284
3.06406
3.06406
2.78551
3.06406
2.8283
3.06406
3.06406
2.78551
3.34261
3.06406
3.34261
3.62116
3.34261
3.06406
3.06406
3.03346
3.34261
3.06406
3.34261
3.06406
3.34261
3.34261
3.89971
3.34261
3.1507
3.62116
3.89971
2.50696
3.06406
3.06406
3.34261
3.26793
3.34261
3.62116
3.34261
2.78551
3.62116
3.34261
3.39982
3.34261
3.34261
3.62116
3.06406
3.89971
3.44378
4.17826
3.34261
2.78551
3.62116
3.34261
3.57567
3.89971
4.17826
3.89971
3.89971
3.63429
3.34261
3.62116
3.34261
4.17826
3.70756
3.89971
3.89971
3.89971
3.79549
3.34261
3.34261
3.89971
3.81014
4.17826
3.62116
3.34261
3.86876
3.62116
3.89971
4.17826
3.92738
4.45681
4.17826
3.34261
3.97134
4.73536
3.62116
4.02996
3.89971
4.17826
4.17826
4.07392
3.62116
3.89971
4.13254
4.73536
3.89971
4.13254
4.17826
4.17826
4.1765
4.17826
4.45681
4.23512
4.73536
4.26443
4.32305
4.35236
4.3377
4.41097
4.44028
4.44028
4.46959
4.4989
4.55752
4.57217
4.58683
4.64545
4.67475
4.6601
4.68941
4.71872
4.71872
4.76268
4.76268
4.79199
4.85061
4.85061
4.87992
4.90922
4.90922
4.96784
4.95319
4.9825
4.9825
5.04111
5.08508
5.07042
5.11439
5.12904
5.15835
5.173
5.23162
5.21697
5.23162
5.30489
5.29024
5.34886
5.36351
5.37817
5.40747
5.43678
5.45144
5.48075
5.4954
5.51005
5.53936
5.59798
5.59798
5.6566
5.6566
5.68591
5.70056
5.74453
5.75918
5.80314
5.80314
5.87641
5.87641
5.92038
5.93503
5.96434
5.979
6.02296
6.06692
6.06692
6.12554
6.12554
6.18416
6.21347
6.19881
6.25743
6.30139
6.31605
6.36001
6.40397
6.41863
6.46259
6.4919
6.50655
6.52121
6.57983
6.62379
6.63844
6.6531
6.74102
6.75568
6.8143
6.82895
6.85826
6.88757
6.94619
6.94619
7.01946
7.04877
7.07808
7.09273
7.15135
7.18066
7.22462
7.26858
7.29789
7.3272
7.40047
7.41513
7.45909
7.4884
7.56167
7.59098
7.63494
7.67891
7.73752
7.76683
7.79614
7.8401
7.88407
7.94269
7.95734
8.05992
8.05992
8.13319
8.1625
8.23577
8.29439
8.35301
8.38232
8.42628
8.49955
8.54352
8.61679
8.6461
8.71937
8.79264
8.85126
8.90988
8.96849
9.04177
9.159
9.17366
9.26158
9.30554
9.39347
9.45209
9.49605
9.59863
9.6719
9.73052
9.78914
9.87707
9.96499
10.0383
10.1115
10.2141
10.2727
10.3753
10.5072
10.5658
10.6831
10.7563
10.8736
10.9322
11.0787
11.1373
11.2546
11.3572
11.4597
11.5916
11.6942
11.8261
11.9287
12.0752
12.1925
12.3244
12.4709
12.6321
12.7347
12.9105
13.0571
13.2036
13.3795
13.526
13.7165
13.907
14.0829
14.3027
14.4785
14.713
14.9035
15.1233
15.3725
15.6216
15.9
16.1785
16.4715
16.7646
17.0577
17.3948
17.7611
18.1275
18.5085
18.9042
19.3292
19.7834
20.2524
20.7946
21.3075
21.8937
22.5092
23.1393
23.8867
24.6047
25.4254
26.29
27.1839
28.1951
29.2795
30.4372
31.6828
33.075
34.5551
36.1671
37.9402
39.8746
41.9702
44.3003
46.8208
49.4586
52.243
55.1592
57.9728
60.596
63.1019
65.3147
67.2051
68.8904
70.2532
71.3523
72.2755
73.0669
73.697
74.1953
74.6495
75.0159
75.3383
75.6314
75.8659
76.0564
76.2762
76.4374
76.5839
76.7305
76.877
76.9796
77.0822
77.2141
77.302
77.3606
77.4485
77.5365
77.6097
77.6537
77.7123
77.8002
77.8589
77.9175
77.9468
77.9468
78.0201
78.108
78.108
78.1226
78.2106
78.2399
78.2692
78.3131
78.3425
78.3718
78.4304
78.4743
78.5183
78.5037
78.533
78.5769
78.6062
78.6209
78.6355
78.6649
78.7088
78.7235
78.7235
78.7967
78.7967
78.7821
78.8114
78.87
78.87
78.8847
78.914
78.914
78.9433
78.9433
78.9579
78.9872
79.0166
79.0459
79.0605
79.0605
79.1045
79.0898
79.1338
79.1191
79.1338
79.1778
79.1924
79.1924
79.1924
79.1924
79.2071
79.2657
79.295
79.251
79.251
79.2657
79.295
79.3243
79.3536
79.3536
79.3536
79.3536
79.3829
79.3976
79.3976
79.4122
79.4415
79.4269
79.4415
79.4122
79.4562
79.4708
79.4855
79.5002
79.5148
79.5295
79.5441
79.5441
79.5588
79.5588
79.5734
79.5734
79.6027
79.5881
79.632
79.6027
79.6614
79.6467
79.6174
79.6614
79.632
79.676
79.6614
79.7053
79.72
79.7053
79.7053
79.72
79.72
79.72
79.7493
79.7639
79.7786
79.7786
79.7786
79.7786
79.7932
79.7786
79.8225
79.8079
79.8665
79.8372
79.8665
79.8225
79.8812
79.9105
79.8812
79.8665
79.8958
79.8665
79.8812
79.9105
79.8958
79.9251
79.8958
79.9398
79.8812
79.9691
79.9691
79.9544
79.9691
80.0131
79.9984
79.9837
79.9837
79.9984
80.0131
80.0277
80.0424
79.9984
80.0717
80.057
80.057
80.0717
80.0424
80.0717
80.0717
80.057
80.0717
80.0717
80.101
80.1156
80.101
79.4415
79.3096
79.295
79.251
79.2657
79.2364
79.2217
79.2364
79.2071
79.2071
79.1924
79.1924
79.1484
79.1778
79.1778