-0.09144
-0.0941
-0.0941
-0.0941
-0.0941
-0.0987
-0.0941
-0.0941
-0.1033
-0.09605
-0.02046
-0.0987
-0.0987
-0.0987
-0.0987
-0.0895
-0.10066
-0.0987
-0.0987
-0.1033
-0.0987
-0.0941
-0.14012
-0.10297
-0.0987
-0.0941
-0.0987
-0.1033
-0.0987
-0.10143
-0.1033
-0.1033
-0.1033
-0.1033
-0.1079
-0.10374
-0.1079
-0.1079
-0.1033
-0.13091
-0.10989
-0.11251
-0.1079
-0.1079
-0.1079
-0.10989
-0.1079
-0.11251
-0.1079
-0.11142
-0.11251
-0.11251
-0.11251
-0.1145
-0.1079
-0.12171
-0.1079
-0.11142
-0.1033
-0.1079
-0.1079
-0.11142
-0.15393
-0.1079
-0.07569
-0.11373
-0.1079
-0.11251
-0.1168
-0.11251
-0.11711
-0.11711
-0.11757
-0.11711
-0.11711
-0.11911
-0.11711
-0.11251
-0.12065
-0.11251
-0.11711
-0.11911
-0.11711
-0.1079
-0.11834
-0.11711
-0.11757
-0.11988
-0.12219
-0.12295
-0.12372
-0.12219
-0.12372
-0.12449
-0.12449
-0.12449
-0.12372
-0.12603
-0.12449
-0.12449
-0.12526
-0.12526
-0.12833
-0.12757
-0.1268
-0.12833
-0.1291
-0.12987
-0.1291
-0.13064
-0.13141
-0.13295
-0.13218
-0.13371
-0.13371
-0.13448
-0.13525
-0.13602
-0.13679
-0.13756
-0.13756
-0.13833
-0.13986
-0.1391
-0.14063
-0.14217
-0.1414
-0.1414
-0.14294
-0.14294
-0.14448
-0.14448
-0.14448
-0.14448
-0.14448
-0.14448
-0.14371
-0.14448
-0.14524
-0.14448
-0.14448
-0.14601
-0.14524
-0.14678
-0.14678
-0.14755
-0.14755
-0.14755
-0.14755
-0.14909
-0.14909
-0.14986
-0.14986
-0.15139
-0.15139
-0.15216
-0.15293
-0.15293
-0.1537
-0.15447
-0.15447
-0.15524
-0.15677
-0.15677
-0.15677
-0.15831
-0.15831
-0.15754
-0.15754
-0.15831
-0.15677
-0.15831
-0.15754
-0.15831
-0.15908
-0.16062
-0.15985
-0.16215
-0.16292
-0.16369
-0.16446
-0.16446
-0.16446
-0.16369
-0.16446
-0.16523
-0.166
-0.166
-0.166
-0.16677
-0.16677
-0.16753
-0.16907
-0.16984
-0.17061
-0.16984
-0.17138
-0.17061
-0.17138
-0.17061
-0.17215
-0.17291
-0.17291
-0.17445
-0.17368
-0.17445
-0.17599
-0.17522
-0.17522
-0.17676
-0.17753
-0.17829
-0.17829
-0.17906
-0.17829
-0.17829
-0.17906
-0.17983
-0.17983
-0.17983
-0.17983
-0.18137
-0.18214
-0.18137
-0.18214
-0.18214
-0.18291
-0.18291
-0.18214
-0.18291
-0.18444
-0.18214
-0.18444
-0.18368
-0.18291
-0.18291
-0.18214
-0.18444
-0.18444
-0.18368
-0.18368
-0.18291
-0.18291
-0.18368
-0.18368
-0.18368
-0.18291
-0.18214
-0.18137
-0.18214
-0.1806
-0.1806
-0.17983
-0.17983
-0.17906
-0.17753
-0.17829
-0.17753
-0.17753
-0.17599
-0.17522
-0.17522
-0.17368
-0.17368
-0.17445
-0.17215
-0.17061
-0.17061
-0.16984
-0.16753
-0.16677
-0.166
-0.16523
-0.16523
-0.16369
-0.16215
-0.16139
-0.15908
-0.15831
-0.156
-0.15447
-0.1537
-0.15216
-0.14986
-0.14832
-0.14755
-0.14601
-0.14217
-0.14063
-0.1391
-0.13833
-0.13602
-0.13295
-0.12987
-0.1268
-0.12526
-0.12065
-0.11911
-0.11527
-0.11296
-0.10912
-0.10528
-0.10297
-0.09836
-0.09375
-0.08913
-0.08529
-0.07991
-0.0753
-0.07146
-0.06454
-0.05839
-0.05532
-0.04993
-0.04532
-0.03994
-0.03533
-0.03072
-0.02611
-0.02303
-0.01996
-0.01765
-0.01458
-0.01227
-0.0115
-0.01073
-0.00997
-0.00766
-0.00689
-0.00459
-0.00535
-0.00382
-0.00382
-0.00459
-0.00305
-0.00305
-0.00228
-0.00305
-0.00305
2.58E-05
-7.43E-04
-7.43E-04
2.58E-05
2.58E-05
2.58E-05
7.94E-04
7.94E-04
7.94E-04
7.94E-04
7.94E-04
0.00156
0.00233
0.00233
0.0031
0.00156
0.00156
0.00156
0.00233
0.0031
0.00387
0.0031
0.00387
0.00387
0.00464
0.00387
0.00387
0.00387
0.00464
0.00464
0.00464
0.00464
0.00617
0.00387
0.00464
0.00541
0.00541
0.00617
0.00617
0.00617
0.00617
0.00694
0.00617
0.00617
0.00771
0.00617
0.00694
0.00617
0.00771
0.00694
0.00694
0.00694
0.00771
0.00694
0.00848
0.00848
0.00771
0.00771
0.00771
0.00771
0.00925
0.00925
0.00848
0.00925
0.00925
0.01002
0.00848
0.00925
0.00925
0.00925
0.01079
0.01002
0.01079
0.01002
0.01002
0.01002
0.01079
0.01002
0.01079
0.01002
0.01079
0.01079
0.01079
0.01079
0.01079
0.01156
0.01156
0.01002
0.01156
0.01079
0.01079
0.01156
0.01156
0.01156
0.01156
0.01079
0.01156
0.01156
0.01156
0.01232
0.01232
0.01309
0.01309
0.01309
0.01309
0.01232
0.01156
0.01156
0.01232
0.01232
0.01232
0.01386
0.01309
0.01309
0.01309
0.01309
0.01309
0.01386
0.01232
0.01386
0.01386
0.01309
0.01386
0.01386
0.01309
0.01386
0.01386
0.01463
0.01617
0.01386
0.01386
0.01463
0.01617
0.01463
0.01463
0.01386
0.01463
0.01463
0.01463
0.01386
0.01463
0.01694
0.0154
0.01694
0.0154
0.0154
0.01694
0.01617
0.01694
0.01617
0.01463
0.0154
0.01617
0.01617
0.01694
0.0154
0.01617
0.01694
0.01617
0.01694
0.01617
0.01694
0.01694
0.01694
0.01694
0.01694
0.01694
0.0177
0.0177
0.0177
0.0177
0.0177
-0.03764
-0.03994
-0.04148
-0.04148
-0.04302
-0.04225
-0.04302
-0.04455
-0.04455
-0.04455
-0.04379
-0.04379
-0.04379
-0.04455
-0.04455